-996,500	0,000
-988,500	0,000
-980,500	0,000
-972,499	0,000
-964,499	0,000
-956,499	0,000
-948,499	0,000
-940,499	0,000
-932,499	0,000
-924,498	0,000
-916,498	0,000
-908,498	0,000
-900,498	0,000
-892,498	0,000
-884,498	0,000
-876,497	0,000
-868,497	0,000
-860,497	0,000
-852,497	0,000
-844,497	0,000
-836,497	0,000
-828,496	0,000
-820,496	0,000
-812,496	0,000
-804,496	0,000
-796,496	0,000
-788,496	0,000
-780,495	0,000
-772,495	0,000
-764,495	0,000
-756,495	0,000
-748,495	0,000
-740,495	0,000
-732,494	0,000
-724,494	0,000
-716,494	0,000
-708,494	0,000
-700,494	0,000
-692,494	0,000
-684,493	0,000
-676,493	0,000
-668,493	0,000
-660,493	0,000
-652,493	0,000
-644,493	0,000
-636,492	0,000
-628,492	0,000
-620,492	0,000
-612,492	0,000
-604,492	0,000
-596,492	0,000
-588,491	0,000
-580,491	0,000
-572,491	0,000
-564,491	0,000
-556,491	0,000
-548,491	0,000
-540,490	0,000
-532,490	0,000
-524,490	0,000
-516,490	0,000
-508,490	0,000
-500,490	0,000
-492,489	0,000
-484,489	0,000
-476,489	0,000
-468,489	0,000
-460,489	0,000
-452,489	0,000
-444,488	0,000
-436,488	0,000
-428,488	0,000
-420,488	0,000
-412,488	0,000
-404,488	0,000
-396,487	0,000
-388,487	0,000
-380,487	0,000
-372,487	0,000
-364,487	0,000
-356,487	0,000
-348,486	0,000
-340,486	0,000
-332,486	0,000
-324,486	0,000
-316,486	0,000
-308,486	0,000
-300,485	0,000
-292,485	0,000
-284,485	0,000
-276,485	0,000
-268,485	0,000
-260,485	0,000
-252,484	0,000
-244,484	0,000
-236,484	0,000
-228,484	0,000
-220,484	0,000
-212,484	0,000
-204,483	0,000
-196,483	0,000
-188,483	0,000
-180,483	0,000
-172,483	0,000
-164,483	0,000
-156,482	0,000
-148,482	0,000
-140,482	0,000
-132,482	0,000
-124,482	3,000
-116,482	1,000
-108,481	7,000
-100,481	2,000
-92,481	14,000
-84,481	17,000
-76,481	16,000
-68,481	30,000
-60,480	77,000
-52,480	108,000
-44,480	166,000
-36,480	260,000
-28,480	317,000
-20,480	363,000
-12,479	481,000
-4,479	561,000
3,521	555,000
11,521	493,000
19,521	468,000
27,521	348,000
35,522	272,000
43,522	172,000
51,522	128,000
59,522	68,000
67,522	49,000
75,522	31,000
83,523	10,000
91,523	3,000
99,523	4,000
107,523	4,000
115,523	5,000
123,523	10,000
131,524	2,000
139,524	4,000
147,524	5,000
155,524	5,000
163,524	3,000
171,524	5,000
179,525	4,000
187,525	2,000
195,525	7,000
203,525	2,000
211,525	1,000
219,525	2,000
227,526	2,000
235,526	2,000
243,526	0,000
251,526	1,000
259,526	2,000
267,526	2,000
275,527	2,000
283,527	1,000
291,527	3,000
299,527	2,000
307,527	1,000
315,527	3,000
323,528	2,000
331,528	2,000
339,528	3,000
347,528	2,000
355,528	1,000
363,528	4,000
371,529	1,000
379,529	1,000
387,529	2,000
395,529	2,000
403,529	1,000
411,529	1,000
419,530	2,000
427,530	1,000
435,530	1,000
443,530	2,000
451,530	2,000
459,530	1,000
467,531	0,000
475,531	0,000
483,531	0,000
491,531	1,000
499,531	3,000
507,531	2,000
515,532	1,000
523,532	4,000
531,532	0,000
539,532	0,000
547,532	3,000
555,532	1,000
563,533	0,000
571,533	0,000
579,533	4,000
587,533	2,000
595,533	1,000
603,533	4,000
611,534	0,000
619,534	0,000
627,534	3,000
635,534	1,000
643,534	3,000
651,534	1,000
659,535	1,000
667,535	4,000
675,535	2,000
683,535	1,000
691,535	1,000
699,535	0,000
707,536	0,000
715,536	0,000
723,536	1,000
731,536	1,000
739,536	1,000
747,536	1,000
755,537	4,000
763,537	0,000
771,537	1,000
779,537	0,000
787,537	2,000
795,537	2,000
803,538	0,000
811,538	1,000
819,538	0,000
827,538	2,000
835,538	2,000
843,538	2,000
851,539	1,000
859,539	0,000
867,539	1,000
875,539	0,000
883,539	1,000
891,539	3,000
899,540	0,000
907,540	2,000
915,540	0,000
923,540	1,000
931,540	1,000
939,540	2,000
947,541	1,000
955,541	0,000
963,541	3,000
971,541	0,000
979,541	1,000
987,541	1,000
995,542	1,000
1003,542	3,000
1011,542	1,000
1019,542	2,000
1027,542	2,000
1035,542	0,000
1043,543	4,000
1051,543	0,000
1059,543	1,000
1067,543	2,000
1075,543	2,000
1083,543	2,000
1091,544	2,000
1099,544	2,000
1107,544	1,000
1115,544	1,000
1123,544	5,000
1131,544	2,000
1139,545	4,000
1147,545	2,000
1155,545	3,000
1163,545	1,000
1171,545	0,000
1179,545	5,000
1187,546	6,000
1195,546	3,000
1203,546	2,000
1211,546	2,000
1219,546	0,000
1227,546	3,000
1235,547	3,000
1243,547	0,000
1251,547	1,000
1259,547	2,000
1267,547	2,000
1275,547	1,000
1283,548	1,000
1291,548	4,000
1299,548	1,000
1307,548	7,000
1315,548	4,000
1323,548	2,000
1331,549	3,000
1339,549	1,000
1347,549	5,000
1355,549	6,000
1363,549	3,000
1371,549	2,000
1379,550	3,000
1387,550	4,000
1395,550	1,000
1403,550	6,000
1411,550	4,000
1419,550	2,000
1427,551	6,000
1435,551	6,000
1443,551	7,000
1451,551	7,000
1459,551	4,000
1467,551	2,000
1475,552	7,000
1483,552	7,000
1491,552	4,000
1499,552	4,000
1507,552	4,000
1515,552	3,000
1523,553	5,000
1531,553	3,000
1539,553	4,000
1547,553	8,000
1555,553	4,000
1563,553	7,000
1571,554	8,000
1579,554	6,000
1587,554	8,000
1595,554	1,000
1603,554	6,000
1611,554	3,000
1619,555	10,000
1627,555	15,000
1635,555	13,000
1643,555	21,000
1651,555	27,000
1659,555	40,000
1667,556	49,000
1675,556	86,000
1683,556	87,000
1691,556	99,000
1699,556	164,000
1707,556	208,000
1715,557	250,000
1723,557	290,000
1731,557	387,000
1739,557	520,000
1747,557	548,000
1755,557	628,000
1763,558	785,000
1771,558	856,000
1779,558	940,000
1787,558	962,000
1795,558	1075,000
1803,558	1144,000
1811,559	1119,000
1819,559	1142,000
1827,559	1096,000
1835,559	1064,000
1843,559	1070,000
1851,559	962,000
1859,560	834,000
1867,560	831,000
1875,560	718,000
1883,560	604,000
1891,560	496,000
1899,560	417,000
1907,561	351,000
1915,561	238,000
1923,561	193,000
1931,561	150,000
1939,561	114,000
1947,561	73,000
1955,562	54,000
1963,562	46,000
1971,562	44,000
1979,562	29,000
1987,562	29,000
1995,562	27,000
2003,563	16,000
2011,563	17,000
2019,563	22,000
2027,563	12,000
2035,563	24,000
2043,563	20,000
2051,564	21,000
2059,564	20,000
2067,564	23,000
2075,564	18,000
2083,564	12,000
2091,564	18,000
2099,565	16,000
2107,565	20,000
2115,565	14,000
2123,565	18,000
2131,565	29,000
2139,565	16,000
2147,566	18,000
2155,566	16,000
2163,566	19,000
2171,566	26,000
2179,566	17,000
2187,566	21,000
2195,567	17,000
2203,567	17,000
2211,567	23,000
2219,567	20,000
2227,567	20,000
2235,567	19,000
2243,568	12,000
2251,568	21,000
2259,568	24,000
2267,568	14,000
2275,568	16,000
2283,568	14,000
2291,569	18,000
2299,569	24,000
2307,569	26,000
2315,569	20,000
2323,569	25,000
2331,569	16,000
2339,570	23,000
2347,570	24,000
2355,570	13,000
2363,570	22,000
2371,570	24,000
2379,570	17,000
2387,571	23,000
2395,571	20,000
2403,571	14,000
2411,571	26,000
2419,571	23,000
2427,571	29,000
2435,572	22,000
2443,572	13,000
2451,572	18,000
2459,572	31,000
2467,572	13,000
2475,572	15,000
2483,573	19,000
2491,573	17,000
2499,573	10,000
2507,573	22,000
2515,573	24,000
2523,573	19,000
2531,574	19,000
2539,574	24,000
2547,574	22,000
2555,574	23,000
2563,574	21,000
2571,574	16,000
2579,575	13,000
2587,575	20,000
2595,575	13,000
2603,575	15,000
2611,575	18,000
2619,575	12,000
2627,576	19,000
2635,576	14,000
2643,576	23,000
2651,576	12,000
2659,576	18,000
2667,576	19,000
2675,577	13,000
2683,577	16,000
2691,577	14,000
2699,577	15,000
2707,577	16,000
2715,577	9,000
2723,578	9,000
2731,578	16,000
2739,578	18,000
2747,578	14,000
2755,578	8,000
2763,578	18,000
2771,579	13,000
2779,579	16,000
2787,579	10,000
2795,579	20,000
2803,579	18,000
2811,579	13,000
2819,580	21,000
2827,580	21,000
2835,580	13,000
2843,580	24,000
2851,580	12,000
2859,580	12,000
2867,581	20,000
2875,581	17,000
2883,581	22,000
2891,581	20,000
2899,581	21,000
2907,581	20,000
2915,582	9,000
2923,582	11,000
2931,582	14,000
2939,582	22,000
2947,582	7,000
2955,582	6,000
2963,583	23,000
2971,583	23,000
2979,583	15,000
2987,583	25,000
2995,583	12,000
3003,583	14,000
3011,584	20,000
3019,584	9,000
3027,584	21,000
3035,584	8,000
3043,584	10,000
3051,584	21,000
3059,585	15,000
3067,585	21,000
3075,585	11,000
3083,585	15,000
3091,585	16,000
3099,585	15,000
3107,586	13,000
3115,586	15,000
3123,586	21,000
3131,586	15,000
3139,586	18,000
3147,586	17,000
3155,587	25,000
3163,587	15,000
3171,587	17,000
3179,587	19,000
3187,587	16,000
3195,587	14,000
3203,588	26,000
3211,588	25,000
3219,588	24,000
3227,588	21,000
3235,588	25,000
3243,588	19,000
3251,589	20,000
3259,589	26,000
3267,589	21,000
3275,589	25,000
3283,589	18,000
3291,589	15,000
3299,590	16,000
3307,590	20,000
3315,590	27,000
3323,590	17,000
3331,590	24,000
3339,590	17,000
3347,591	30,000
3355,591	23,000
3363,591	24,000
3371,591	21,000
3379,591	38,000
3387,591	30,000
3395,592	42,000
3403,592	39,000
3411,592	59,000
3419,592	47,000
3427,592	76,000
3435,592	96,000
3443,593	129,000
3451,593	152,000
3459,593	187,000
3467,593	224,000
3475,593	290,000
3483,593	289,000
3491,594	380,000
3499,594	437,000
3507,594	527,000
3515,594	600,000
3523,594	666,000
3531,594	738,000
3539,595	935,000
3547,595	998,000
3555,595	1084,000
3563,595	1216,000
3571,595	1373,000
3579,595	1471,000
3587,596	1551,000
3595,596	1656,000
3603,596	1593,000
3611,596	1740,000
3619,596	1794,000
3627,596	1776,000
3635,597	1809,000
3643,597	1831,000
3651,597	1787,000
3659,597	1686,000
3667,597	1629,000
3675,597	1498,000
3683,598	1474,000
3691,598	1250,000
3699,598	1182,000
3707,598	1094,000
3715,598	963,000
3723,598	878,000
3731,599	733,000
3739,599	668,000
3747,599	580,000
3755,599	471,000
3763,599	400,000
3771,599	307,000
3779,600	275,000
3787,600	248,000
3795,600	167,000
3803,600	146,000
3811,600	128,000
3819,600	93,000
3827,601	81,000
3835,601	83,000
3843,601	83,000
3851,601	70,000
3859,601	65,000
3867,601	72,000
3875,602	57,000
3883,602	47,000
3891,602	40,000
3899,602	68,000
3907,602	55,000
3915,602	60,000
3923,603	64,000
3931,603	53,000
3939,603	62,000
3947,603	69,000
3955,603	53,000
3963,603	59,000
3971,604	68,000
3979,604	67,000
3987,604	72,000
3995,604	69,000
4003,604	57,000
4011,604	69,000
4019,605	77,000
4027,605	72,000
4035,605	79,000
4043,605	62,000
4051,605	58,000
4059,605	71,000
4067,606	72,000
4075,606	66,000
4083,606	76,000
4091,606	62,000
4099,606	60,000
4107,606	48,000
4115,607	67,000
4123,607	71,000
4131,607	73,000
4139,607	75,000
4147,607	64,000
4155,607	72,000
4163,608	77,000
4171,608	74,000
4179,608	57,000
4187,608	65,000
4195,608	78,000
4203,608	64,000
4211,609	68,000
4219,609	75,000
4227,609	63,000
4235,609	73,000
4243,609	66,000
4251,609	66,000
4259,610	79,000
4267,610	66,000
4275,610	76,000
4283,610	58,000
4291,610	87,000
4299,610	77,000
4307,611	64,000
4315,611	61,000
4323,611	75,000
4331,611	66,000
4339,611	54,000
4347,611	54,000
4355,612	69,000
4363,612	62,000
4371,612	72,000
4379,612	71,000
4387,612	73,000
4395,612	56,000
4403,613	66,000
4411,613	58,000
4419,613	64,000
4427,613	56,000
4435,613	55,000
4443,613	70,000
4451,614	77,000
4459,614	44,000
4467,614	58,000
4475,614	55,000
4483,614	55,000
4491,614	60,000
4499,615	52,000
4507,615	61,000
4515,615	55,000
4523,615	67,000
4531,615	51,000
4539,615	47,000
4547,616	64,000
4555,616	49,000
4563,616	50,000
4571,616	58,000
4579,616	54,000
4587,616	79,000
4595,617	64,000
4603,617	70,000
4611,617	62,000
4619,617	64,000
4627,617	46,000
4635,617	51,000
4643,618	64,000
4651,618	51,000
4659,618	49,000
4667,618	66,000
4675,618	62,000
4683,618	58,000
4691,619	56,000
4699,619	58,000
4707,619	61,000
4715,619	67,000
4723,619	53,000
4731,619	51,000
4739,620	60,000
4747,620	51,000
4755,620	35,000
4763,620	57,000
4771,620	55,000
4779,620	57,000
4787,621	73,000
4795,621	62,000
4803,621	57,000
4811,621	60,000
4819,621	66,000
4827,621	52,000
4835,622	61,000
4843,622	51,000
4851,622	67,000
4859,622	63,000
4867,622	50,000
4875,622	51,000
4883,623	46,000
4891,623	46,000
4899,623	64,000
4907,623	62,000
4915,623	70,000
4923,623	63,000
4931,624	54,000
4939,624	44,000
4947,624	51,000
4955,624	65,000
4963,624	54,000
4971,624	46,000
4979,625	60,000
4987,625	58,000
4995,625	44,000
5003,625	55,000
5011,625	60,000
5019,625	59,000
5027,626	68,000
5035,626	61,000
5043,626	74,000
5051,626	57,000
5059,626	58,000
5067,626	47,000
5075,627	66,000
5083,627	63,000
5091,627	56,000
5099,627	64,000
5107,627	52,000
5115,627	66,000
5123,628	66,000
5131,628	72,000
5139,628	68,000
5147,628	77,000
5155,628	67,000
5163,628	80,000
5171,629	72,000
5179,629	92,000
5187,629	98,000
5195,629	89,000
5203,629	107,000
5211,629	125,000
5219,630	163,000
5227,630	175,000
5235,630	210,000
5243,630	273,000
5251,630	260,000
5259,630	302,000
5267,631	368,000
5275,631	421,000
5283,631	489,000
5291,631	490,000
5299,631	599,000
5307,631	768,000
5315,632	757,000
5323,632	923,000
5331,632	950,000
5339,632	1083,000
5347,632	1206,000
5355,632	1335,000
5363,633	1377,000
5371,633	1403,000
5379,633	1639,000
5387,633	1632,000
5395,633	1743,000
5403,633	1891,000
5411,634	1979,000
5419,634	2067,000
5427,634	2090,000
5435,634	2134,000
5443,634	2027,000
5451,634	2098,000
5459,635	2094,000
5467,635	2036,000
5475,635	2049,000
5483,635	1965,000
5491,635	1898,000
5499,635	1824,000
5507,636	1758,000
5515,636	1589,000
5523,636	1576,000
5531,636	1346,000
5539,636	1269,000
5547,636	1216,000
5555,637	995,000
5563,637	947,000
5571,637	841,000
5579,637	736,000
5587,637	657,000
5595,637	582,000
5603,638	511,000
5611,638	427,000
5619,638	370,000
5627,638	342,000
5635,638	296,000
5643,638	250,000
5651,639	231,000
5659,639	188,000
5667,639	146,000
5675,639	168,000
5683,639	139,000
5691,639	146,000
5699,640	128,000
5707,640	126,000
5715,640	101,000
5723,640	112,000
5731,640	100,000
5739,640	123,000
5747,641	111,000
5755,641	122,000
5763,641	119,000
5771,641	136,000
5779,641	114,000
5787,641	119,000
5795,642	124,000
5803,642	115,000
5811,642	99,000
5819,642	146,000
5827,642	144,000
5835,642	124,000
5843,643	118,000
5851,643	119,000
5859,643	128,000
5867,643	142,000
5875,643	124,000
5883,643	132,000
5891,644	130,000
5899,644	130,000
5907,644	132,000
5915,644	137,000
5923,644	142,000
5931,644	134,000
5939,645	139,000
5947,645	129,000
5955,645	145,000
5963,645	138,000
5971,645	139,000
5979,645	152,000
5987,646	144,000
5995,646	117,000
6003,646	134,000
6011,646	135,000
6019,646	157,000
6027,646	136,000
6035,647	118,000
6043,647	131,000
6051,647	125,000
6059,647	154,000
6067,647	129,000
6075,647	151,000
6083,648	119,000
6091,648	119,000
6099,648	110,000
6107,648	151,000
6115,648	140,000
6123,648	129,000
6131,649	131,000
6139,649	119,000
6147,649	112,000
6155,649	131,000
6163,649	136,000
6171,649	128,000
6179,650	134,000
6187,650	139,000
6195,650	126,000
6203,650	117,000
6211,650	124,000
6219,650	139,000
6227,651	109,000
6235,651	128,000
6243,651	127,000
6251,651	142,000
6259,651	149,000
6267,651	119,000
6275,652	128,000
6283,652	140,000
6291,652	127,000
6299,652	124,000
6307,652	128,000
6315,652	110,000
6323,653	145,000
6331,653	139,000
6339,653	120,000
6347,653	118,000
6355,653	115,000
6363,653	107,000
6371,654	135,000
6379,654	103,000
6387,654	125,000
6395,654	118,000
6403,654	120,000
6411,654	143,000
6419,655	109,000
6427,655	124,000
6435,655	110,000
6443,655	99,000
6451,655	103,000
6459,655	123,000
6467,656	119,000
6475,656	124,000
6483,656	112,000
6491,656	111,000
6499,656	104,000
6507,656	113,000
6515,657	116,000
6523,657	112,000
6531,657	118,000
6539,657	130,000
6547,657	117,000
6555,657	108,000
6563,658	105,000
6571,658	110,000
6579,658	108,000
6587,658	108,000
6595,658	113,000
6603,658	101,000
6611,659	91,000
6619,659	121,000
6627,659	113,000
6635,659	118,000
6643,659	109,000
6651,659	97,000
6659,660	114,000
6667,660	129,000
6675,660	90,000
6683,660	102,000
6691,660	101,000
6699,660	106,000
6707,661	93,000
6715,661	104,000
6723,661	118,000
6731,661	100,000
6739,661	104,000
6747,661	118,000
6755,662	84,000
6763,662	97,000
6771,662	100,000
6779,662	123,000
6787,662	114,000
6795,662	96,000
6803,663	109,000
6811,663	96,000
6819,663	103,000
6827,663	100,000
6835,663	107,000
6843,663	90,000
6851,664	128,000
6859,664	120,000
6867,664	109,000
6875,664	116,000
6883,664	116,000
6891,664	116,000
6899,665	121,000
6907,665	113,000
6915,665	115,000
6923,665	115,000
6931,665	117,000
6939,665	103,000
6947,666	127,000
6955,666	140,000
6963,666	112,000
6971,666	141,000
6979,666	143,000
6987,666	159,000
6995,667	185,000
7003,667	177,000
7011,667	199,000
7019,667	227,000
7027,667	231,000
7035,667	290,000
7043,668	320,000
7051,668	346,000
7059,668	405,000
7067,668	408,000
7075,668	441,000
7083,668	501,000
7091,669	581,000
7099,669	648,000
7107,669	659,000
7115,669	809,000
7123,669	809,000
7131,669	957,000
7139,670	1035,000
7147,670	1113,000
7155,670	1189,000
7163,670	1280,000
7171,670	1341,000
7179,670	1475,000
7187,671	1538,000
7195,671	1560,000
7203,671	1673,000
7211,671	1817,000
7219,671	1876,000
7227,671	1845,000
7235,672	1919,000
7243,672	1864,000
7251,672	1957,000
7259,672	2042,000
7267,672	1960,000
7275,672	1979,000
7283,673	2009,000
7291,673	1867,000
7299,673	1849,000
7307,673	1816,000
7315,673	1720,000
7323,673	1718,000
7331,674	1579,000
7339,674	1517,000
7347,674	1422,000
7355,674	1417,000
7363,674	1249,000
7371,674	1196,000
7379,675	1074,000
7387,675	1039,000
7395,675	963,000
7403,675	900,000
7411,675	797,000
7419,675	733,000
7427,676	639,000
7435,676	587,000
7443,676	573,000
7451,676	444,000
7459,676	432,000
7467,676	357,000
7475,677	344,000
7483,677	298,000
7491,677	249,000
7499,677	215,000
7507,677	239,000
7515,677	219,000
7523,678	210,000
7531,678	200,000
7539,678	196,000
7547,678	182,000
7555,678	185,000
7563,678	165,000
7571,679	156,000
7579,679	185,000
7587,679	162,000
7595,679	170,000
7603,679	159,000
7611,679	190,000
7619,680	169,000
7627,680	180,000
7635,680	171,000
7643,680	180,000
7651,680	200,000
7659,680	177,000
7667,681	193,000
7675,681	177,000
7683,681	178,000
7691,681	192,000
7699,681	171,000
7707,681	194,000
7715,682	173,000
7723,682	198,000
7731,682	194,000
7739,682	184,000
7747,682	197,000
7755,682	201,000
7763,683	190,000
7771,683	196,000
7779,683	217,000
7787,683	200,000
7795,683	201,000
7803,683	201,000
7811,684	180,000
7819,684	188,000
7827,684	192,000
7835,684	182,000
7843,684	196,000
7851,684	210,000
7859,685	197,000
7867,685	237,000
7875,685	188,000
7883,685	191,000
7891,685	199,000
7899,685	183,000
7907,686	183,000
7915,686	196,000
7923,686	175,000
7931,686	219,000
7939,686	172,000
7947,686	175,000
7955,687	171,000
7963,687	179,000
7971,687	194,000
7979,687	203,000
7987,687	207,000
7995,687	182,000
8003,688	162,000
8011,688	177,000
8019,688	178,000
8027,688	164,000
8035,688	183,000
8043,688	161,000
8051,689	185,000
8059,689	165,000
8067,689	159,000
8075,689	177,000
8083,689	179,000
8091,689	160,000
8099,690	183,000
8107,690	185,000
8115,690	181,000
8123,690	173,000
8131,690	176,000
8139,690	161,000
8147,691	173,000
8155,691	191,000
8163,691	165,000
8171,691	163,000
8179,691	179,000
8187,691	165,000
8195,692	169,000
8203,692	170,000
8211,692	185,000
8219,692	162,000
8227,692	177,000
8235,692	182,000
8243,693	180,000
8251,693	172,000
8259,693	164,000
8267,693	160,000
8275,693	177,000
8283,693	165,000
8291,694	174,000
8299,694	158,000
8307,694	187,000
8315,694	168,000
8323,694	158,000
8331,694	164,000
8339,695	132,000
8347,695	170,000
8355,695	130,000
8363,695	132,000
8371,695	166,000
8379,695	140,000
8387,696	155,000
8395,696	170,000
8403,696	144,000
8411,696	159,000
8419,696	147,000
8427,696	130,000
8435,697	162,000
8443,697	156,000
8451,697	156,000
8459,697	163,000
8467,697	133,000
8475,697	177,000
8483,698	159,000
8491,698	141,000
8499,698	138,000
8507,698	155,000
8515,698	152,000
8523,698	160,000
8531,699	146,000
8539,699	138,000
8547,699	149,000
8555,699	157,000
8563,699	141,000
8571,699	143,000
8579,700	137,000
8587,700	138,000
8595,700	126,000
8603,700	172,000
8611,700	155,000
8619,700	150,000
8627,701	150,000
8635,701	143,000
8643,701	140,000
8651,701	149,000
8659,701	142,000
8667,701	145,000
8675,702	137,000
8683,702	174,000
8691,702	139,000
8699,702	147,000
8707,702	149,000
8715,702	158,000
8723,703	152,000
8731,703	155,000
8739,703	168,000
8747,703	151,000
8755,703	157,000
8763,703	147,000
8771,704	172,000
8779,704	185,000
8787,704	207,000
8795,704	203,000
8803,704	231,000
8811,704	232,000
8819,705	259,000
8827,705	240,000
8835,705	296,000
8843,705	312,000
8851,705	345,000
8859,705	364,000
8867,706	410,000
8875,706	412,000
8883,706	460,000
8891,706	495,000
8899,706	556,000
8907,706	554,000
8915,707	629,000
8923,707	756,000
8931,707	771,000
8939,707	789,000
8947,707	902,000
8955,707	902,000
8963,708	979,000
8971,708	1061,000
8979,708	1087,000
8987,708	1157,000
8995,708	1254,000
9003,708	1331,000
9011,709	1313,000
9019,709	1364,000
9027,709	1382,000
9035,709	1462,000
9043,709	1469,000
9051,709	1560,000
9059,710	1584,000
9067,710	1471,000
9075,710	1531,000
9083,710	1584,000
9091,710	1560,000
9099,710	1555,000
9107,711	1539,000
9115,711	1522,000
9123,711	1409,000
9131,711	1415,000
9139,711	1408,000
9147,711	1349,000
9155,712	1234,000
9163,712	1278,000
9171,712	1134,000
9179,712	1068,000
9187,712	1048,000
9195,712	1017,000
9203,713	936,000
9211,713	878,000
9219,713	839,000
9227,713	751,000
9235,713	708,000
9243,713	633,000
9251,714	626,000
9259,714	578,000
9267,714	470,000
9275,714	449,000
9283,714	415,000
9291,714	385,000
9299,715	354,000
9307,715	324,000
9315,715	333,000
9323,715	275,000
9331,715	277,000
9339,715	285,000
9347,716	239,000
9355,716	221,000
9363,716	218,000
9371,716	230,000
9379,716	209,000
9387,716	212,000
9395,717	207,000
9403,717	200,000
9411,717	201,000
9419,717	203,000
9427,717	212,000
9435,717	194,000
9443,718	194,000
9451,718	193,000
9459,718	214,000
9467,718	172,000
9475,718	188,000
9483,718	208,000
9491,719	229,000
9499,719	226,000
9507,719	202,000
9515,719	218,000
9523,719	216,000
9531,719	177,000
9539,720	215,000
9547,720	202,000
9555,720	209,000
9563,720	202,000
9571,720	209,000
9579,720	219,000
9587,721	191,000
9595,721	250,000
9603,721	202,000
9611,721	212,000
9619,721	238,000
9627,721	235,000
9635,722	212,000
9643,722	217,000
9651,722	181,000
9659,722	221,000
9667,722	217,000
9675,722	216,000
9683,723	218,000
9691,723	233,000
9699,723	212,000
9707,723	194,000
9715,723	205,000
9723,723	186,000
9731,724	214,000
9739,724	227,000
9747,724	218,000
9755,724	205,000
9763,724	230,000
9771,724	210,000
9779,725	210,000
9787,725	194,000
9795,725	210,000
9803,725	195,000
9811,725	182,000
9819,725	218,000
9827,726	205,000
9835,726	223,000
9843,726	213,000
9851,726	175,000
9859,726	196,000
9867,726	186,000
9875,727	182,000
9883,727	188,000
9891,727	209,000
9899,727	167,000
9907,727	195,000
9915,727	225,000
9923,728	185,000
9931,728	192,000
9939,728	215,000
9947,728	193,000
9955,728	206,000
9963,728	200,000
9971,729	198,000
9979,729	178,000
9987,729	187,000
9995,729	204,000
10003,729	171,000
10011,729	184,000
10019,730	194,000
10027,730	198,000
10035,730	200,000
10043,730	171,000
10051,730	206,000
10059,730	184,000
10067,731	185,000
10075,731	148,000
10083,731	168,000
10091,731	166,000
10099,731	153,000
10107,731	168,000
10115,732	165,000
10123,732	170,000
10131,732	150,000
10139,732	166,000
10147,732	156,000
10155,732	180,000
10163,733	168,000
10171,733	175,000
10179,733	177,000
10187,733	195,000
10195,733	173,000
10203,733	159,000
10211,734	168,000
10219,734	164,000
10227,734	174,000
10235,734	164,000
10243,734	168,000
10251,734	162,000
10259,735	157,000
10267,735	188,000
10275,735	156,000
10283,735	152,000
10291,735	157,000
10299,735	146,000
10307,736	157,000
10315,736	178,000
10323,736	184,000
10331,736	136,000
10339,736	161,000
10347,736	173,000
10355,737	167,000
10363,737	164,000
10371,737	167,000
10379,737	152,000
10387,737	161,000
10395,737	153,000
10403,738	153,000
10411,738	162,000
10419,738	139,000
10427,738	165,000
10435,738	143,000
10443,738	146,000
10451,739	161,000
10459,739	159,000
10467,739	159,000
10475,739	149,000
10483,739	162,000
10491,739	142,000
10499,740	159,000
10507,740	139,000
10515,740	173,000
10523,740	174,000
10531,740	183,000
10539,740	147,000
10547,741	157,000
10555,741	162,000
10563,741	170,000
10571,741	198,000
10579,741	192,000
10587,741	195,000
10595,742	216,000
10603,742	203,000
10611,742	220,000
10619,742	233,000
10627,742	247,000
10635,742	242,000
10643,743	260,000
10651,743	279,000
10659,743	298,000
10667,743	362,000
10675,743	343,000
10683,743	355,000
10691,744	376,000
10699,744	418,000
10707,744	443,000
10715,744	467,000
10723,744	539,000
10731,744	514,000
10739,745	550,000
10747,745	649,000
10755,745	635,000
10763,745	632,000
10771,745	705,000
10779,745	697,000
10787,746	795,000
10795,746	797,000
10803,746	903,000
10811,746	851,000
10819,746	884,000
10827,746	933,000
10835,747	960,000
10843,747	981,000
10851,747	1017,000
10859,747	1037,000
10867,747	1106,000
10875,747	1029,000
10883,748	1034,000
10891,748	1037,000
10899,748	1033,000
10907,748	1004,000
10915,748	1065,000
10923,748	1124,000
10931,749	1051,000
10939,749	988,000
10947,749	964,000
10955,749	957,000
10963,749	890,000
10971,749	879,000
10979,750	880,000
10987,750	820,000
10995,750	750,000
11003,750	811,000
11011,750	759,000
11019,750	726,000
11027,751	688,000
11035,751	672,000
11043,751	630,000
11051,751	563,000
11059,751	538,000
11067,751	548,000
11075,752	470,000
11083,752	420,000
11091,752	433,000
11099,752	343,000
11107,752	346,000
11115,752	352,000
11123,753	356,000
11131,753	281,000
11139,753	295,000
11147,753	293,000
11155,753	235,000
11163,753	242,000
11171,754	254,000
11179,754	232,000
11187,754	216,000
11195,754	225,000
11203,754	204,000
11211,754	197,000
11219,755	199,000
11227,755	177,000
11235,755	193,000
11243,755	162,000
11251,755	194,000
11259,755	180,000
11267,756	181,000
11275,756	194,000
11283,756	196,000
11291,756	198,000
11299,756	182,000
11307,756	178,000
11315,757	184,000
11323,757	169,000
11331,757	199,000
11339,757	180,000
11347,757	194,000
11355,757	194,000
11363,758	202,000
11371,758	184,000
11379,758	173,000
11387,758	196,000
11395,758	184,000
11403,758	185,000
11411,759	164,000
11419,759	203,000
11427,759	182,000
11435,759	183,000
11443,759	179,000
11451,759	194,000
11459,760	202,000
11467,760	186,000
11475,760	176,000
11483,760	188,000
11491,760	204,000
11499,760	205,000
11507,761	173,000
11515,761	191,000
11523,761	194,000
11531,761	185,000
11539,761	182,000
11547,761	179,000
11555,762	187,000
11563,762	184,000
11571,762	197,000
11579,762	191,000
11587,762	165,000
11595,762	177,000
11603,763	173,000
11611,763	193,000
11619,763	202,000
11627,763	197,000
11635,763	191,000
11643,763	179,000
11651,764	170,000
11659,764	159,000
11667,764	188,000
11675,764	176,000
11683,764	169,000
11691,764	199,000
11699,765	189,000
11707,765	149,000
11715,765	186,000
11723,765	172,000
11731,765	171,000
11739,765	199,000
11747,766	171,000
11755,766	177,000
11763,766	162,000
11771,766	165,000
11779,766	202,000
11787,766	179,000
11795,767	144,000
11803,767	175,000
11811,767	150,000
11819,767	188,000
11827,767	178,000
11835,767	182,000
11843,768	157,000
11851,768	161,000
11859,768	185,000
11867,768	168,000
11875,768	164,000
11883,768	160,000
11891,769	179,000
11899,769	139,000
11907,769	158,000
11915,769	171,000
11923,769	157,000
11931,769	177,000
11939,770	164,000
11947,770	182,000
11955,770	167,000
11963,770	171,000
11971,770	145,000
11979,770	173,000
11987,771	165,000
11995,771	151,000
12003,771	150,000
12011,771	139,000
12019,771	143,000
12027,771	177,000
12035,772	141,000
12043,772	157,000
12051,772	168,000
12059,772	141,000
12067,772	139,000
12075,772	151,000
12083,773	153,000
12091,773	145,000
12099,773	173,000
12107,773	138,000
12115,773	154,000
12123,773	138,000
12131,774	125,000
12139,774	140,000
12147,774	146,000
12155,774	155,000
12163,774	148,000
12171,774	159,000
12179,775	129,000
12187,775	161,000
12195,775	132,000
12203,775	155,000
12211,775	159,000
12219,775	147,000
12227,776	120,000
12235,776	140,000
12243,776	163,000
12251,776	148,000
12259,776	149,000
12267,776	120,000
12275,777	153,000
12283,777	138,000
12291,777	152,000
12299,777	133,000
12307,777	161,000
12315,777	149,000
12323,778	104,000
12331,778	126,000
12339,778	122,000
12347,778	139,000
12355,778	175,000
12363,778	139,000
12371,779	165,000
12379,779	153,000
12387,779	178,000
12395,779	163,000
12403,779	171,000
12411,779	173,000
12419,780	172,000
12427,780	183,000
12435,780	193,000
12443,780	182,000
12451,780	199,000
12459,780	211,000
12467,781	239,000
12475,781	234,000
12483,781	255,000
12491,781	261,000
12499,781	304,000
12507,781	329,000
12515,782	338,000
12523,782	355,000
12531,782	374,000
12539,782	344,000
12547,782	383,000
12555,782	391,000
12563,783	416,000
12571,783	423,000
12579,783	458,000
12587,783	437,000
12595,783	514,000
12603,783	496,000
12611,784	497,000
12619,784	513,000
12627,784	534,000
12635,784	581,000
12643,784	563,000
12651,784	605,000
12659,785	623,000
12667,785	601,000
12675,785	626,000
12683,785	635,000
12691,785	633,000
12699,785	613,000
12707,786	656,000
12715,786	654,000
12723,786	641,000
12731,786	648,000
12739,786	611,000
12747,786	667,000
12755,787	569,000
12763,787	619,000
12771,787	598,000
12779,787	600,000
12787,787	573,000
12795,787	580,000
12803,788	570,000
12811,788	492,000
12819,788	561,000
12827,788	481,000
12835,788	464,000
12843,788	458,000
12851,789	469,000
12859,789	386,000
12867,789	369,000
12875,789	364,000
12883,789	384,000
12891,789	356,000
12899,790	315,000
12907,790	322,000
12915,790	299,000
12923,790	279,000
12931,790	280,000
12939,790	256,000
12947,791	251,000
12955,791	208,000
12963,791	211,000
12971,791	207,000
12979,791	203,000
12987,791	201,000
12995,792	176,000
13003,792	191,000
13011,792	201,000
13019,792	157,000
13027,792	166,000
13035,792	169,000
13043,793	180,000
13051,793	159,000
13059,793	170,000
13067,793	146,000
13075,793	151,000
13083,793	152,000
13091,794	159,000
13099,794	139,000
13107,794	160,000
13115,794	149,000
13123,794	142,000
13131,794	152,000
13139,795	133,000
13147,795	139,000
13155,795	124,000
13163,795	126,000
13171,795	164,000
13179,795	153,000
13187,796	140,000
13195,796	151,000
13203,796	131,000
13211,796	162,000
13219,796	132,000
13227,796	154,000
13235,797	156,000
13243,797	137,000
13251,797	172,000
13259,797	125,000
13267,797	153,000
13275,797	157,000
13283,798	151,000
13291,798	168,000
13299,798	156,000
13307,798	147,000
13315,798	188,000
13323,798	149,000
13331,799	142,000
13339,799	134,000
13347,799	149,000
13355,799	143,000
13363,799	138,000
13371,799	120,000
13379,800	147,000
13387,800	134,000
13395,800	160,000
13403,800	154,000
13411,800	140,000
13419,800	131,000
13427,801	160,000
13435,801	138,000
13443,801	144,000
13451,801	133,000
13459,801	146,000
13467,801	131,000
13475,802	132,000
13483,802	146,000
13491,802	144,000
13499,802	156,000
13507,802	155,000
13515,802	137,000
13523,803	128,000
13531,803	118,000
13539,803	139,000
13547,803	126,000
13555,803	147,000
13563,803	153,000
13571,804	155,000
13579,804	128,000
13587,804	148,000
13595,804	151,000
13603,804	144,000
13611,804	121,000
13619,805	129,000
13627,805	111,000
13635,805	148,000
13643,805	136,000
13651,805	131,000
13659,805	134,000
13667,806	130,000
13675,806	134,000
13683,806	117,000
13691,806	135,000
13699,806	120,000
13707,806	139,000
13715,807	108,000
13723,807	112,000
13731,807	118,000
13739,807	134,000
13747,807	129,000
13755,807	139,000
13763,808	112,000
13771,808	126,000
13779,808	106,000
13787,808	138,000
13795,808	116,000
13803,808	123,000
13811,809	128,000
13819,809	142,000
13827,809	127,000
13835,809	145,000
13843,809	122,000
13851,809	140,000
13859,810	116,000
13867,810	113,000
13875,810	126,000
13883,810	115,000
13891,810	108,000
13899,810	109,000
13907,811	143,000
13915,811	109,000
13923,811	115,000
13931,811	140,000
13939,811	115,000
13947,811	119,000
13955,812	127,000
13963,812	94,000
13971,812	112,000
13979,812	123,000
13987,812	120,000
13995,812	111,000
14003,813	118,000
14011,813	99,000
14019,813	113,000
14027,813	108,000
14035,813	108,000
14043,813	116,000
14051,814	103,000
14059,814	110,000
14067,814	119,000
14075,814	112,000
14083,814	133,000
14091,814	105,000
14099,815	114,000
14107,815	116,000
14115,815	130,000
14123,815	113,000
14131,815	119,000
14139,815	114,000
14147,816	103,000
14155,816	115,000
14163,816	113,000
14171,816	119,000
14179,816	129,000
14187,816	127,000
14195,817	124,000
14203,817	133,000
14211,817	116,000
14219,817	136,000
14227,817	148,000
14235,817	118,000
14243,818	137,000
14251,818	144,000
14259,818	131,000
14267,818	167,000
14275,818	181,000
14283,818	151,000
14291,819	186,000
14299,819	186,000
14307,819	192,000
14315,819	195,000
14323,819	190,000
14331,819	227,000
14339,820	198,000
14347,820	221,000
14355,820	241,000
14363,820	231,000
14371,820	266,000
14379,820	300,000
14387,821	283,000
14395,821	291,000
14403,821	302,000
14411,821	313,000
14419,821	328,000
14427,821	297,000
14435,822	346,000
14443,822	356,000
14451,822	312,000
14459,822	329,000
14467,822	368,000
14475,822	353,000
14483,823	353,000
14491,823	385,000
14499,823	367,000
14507,823	364,000
14515,823	333,000
14523,823	384,000
14531,824	360,000
14539,824	355,000
14547,824	370,000
14555,824	391,000
14563,824	367,000
14571,824	372,000
14579,825	344,000
14587,825	328,000
14595,825	299,000
14603,825	310,000
14611,825	323,000
14619,825	297,000
14627,826	308,000
14635,826	285,000
14643,826	285,000
14651,826	259,000
14659,826	263,000
14667,826	234,000
14675,827	234,000
14683,827	257,000
14691,827	246,000
14699,827	228,000
14707,827	182,000
14715,827	235,000
14723,828	219,000
14731,828	171,000
14739,828	172,000
14747,828	181,000
14755,828	145,000
14763,828	166,000
14771,829	162,000
14779,829	174,000
14787,829	131,000
14795,829	132,000
14803,829	132,000
14811,829	124,000
14819,830	128,000
14827,830	129,000
14835,830	121,000
14843,830	133,000
14851,830	103,000
14859,830	96,000
14867,831	104,000
14875,831	115,000
14883,831	90,000
14891,831	103,000
14899,831	95,000
14907,831	96,000
14915,832	104,000
14923,832	103,000
14931,832	84,000
14939,832	98,000
14947,832	98,000
14955,832	90,000
14963,833	84,000
14971,833	90,000
14979,833	93,000
14987,833	121,000
14995,833	93,000
15003,833	123,000
15011,834	111,000
15019,834	117,000
15027,834	104,000
15035,834	105,000
15043,834	116,000
15051,834	105,000
15059,835	110,000
15067,835	97,000
15075,835	97,000
15083,835	89,000
15091,835	128,000
15099,835	108,000
15107,836	104,000
15115,836	106,000
15123,836	100,000
15131,836	111,000
15139,836	100,000
15147,836	97,000
15155,837	88,000
15163,837	110,000
15171,837	82,000
15179,837	98,000
15187,837	108,000
15195,837	118,000
15203,838	113,000
15211,838	116,000
15219,838	86,000
15227,838	94,000
15235,838	95,000
15243,838	84,000
15251,839	88,000
15259,839	121,000
15267,839	94,000
15275,839	88,000
15283,839	95,000
15291,839	89,000
15299,840	96,000
15307,840	106,000
15315,840	90,000
15323,840	105,000
15331,840	96,000
15339,840	89,000
15347,841	102,000
15355,841	104,000
15363,841	87,000
15371,841	87,000
15379,841	98,000
15387,841	103,000
15395,842	102,000
15403,842	90,000
15411,842	102,000
15419,842	96,000
15427,842	85,000
15435,842	89,000
15443,843	95,000
15451,843	71,000
15459,843	74,000
15467,843	93,000
15475,843	86,000
15483,843	85,000
15491,844	96,000
15499,844	104,000
15507,844	100,000
15515,844	88,000
15523,844	85,000
15531,844	94,000
15539,845	80,000
15547,845	76,000
15555,845	83,000
15563,845	93,000
15571,845	74,000
15579,845	76,000
15587,846	79,000
15595,846	88,000
15603,846	89,000
15611,846	83,000
15619,846	74,000
15627,846	90,000
15635,847	85,000
15643,847	95,000
15651,847	60,000
15659,847	95,000
15667,847	78,000
15675,847	88,000
15683,848	88,000
15691,848	91,000
15699,848	82,000
15707,848	85,000
15715,848	80,000
15723,848	71,000
15731,849	75,000
15739,849	78,000
15747,849	78,000
15755,849	86,000
15763,849	81,000
15771,849	75,000
15779,850	87,000
15787,850	73,000
15795,850	81,000
15803,850	79,000
15811,850	94,000
15819,850	80,000
15827,851	75,000
15835,851	94,000
15843,851	76,000
15851,851	80,000
15859,851	64,000
15867,851	83,000
15875,852	77,000
15883,852	83,000
15891,852	76,000
15899,852	91,000
15907,852	71,000
15915,852	97,000
15923,853	92,000
15931,853	82,000
15939,853	99,000
15947,853	82,000
15955,853	61,000
15963,853	67,000
15971,854	93,000
15979,854	76,000
15987,854	78,000
15995,854	90,000
16003,854	84,000
16011,854	86,000
16019,855	94,000
16027,855	89,000
16035,855	95,000
16043,855	106,000
16051,855	99,000
16059,855	105,000
16067,856	113,000
16075,856	111,000
16083,856	84,000
16091,856	95,000
16099,856	106,000
16107,856	108,000
16115,857	119,000
16123,857	138,000
16131,857	125,000
16139,857	125,000
16147,857	115,000
16155,857	129,000
16163,858	126,000
16171,858	129,000
16179,858	163,000
16187,858	152,000
16195,858	175,000
16203,858	128,000
16211,859	150,000
16219,859	161,000
16227,859	169,000
16235,859	150,000
16243,859	181,000
16251,859	174,000
16259,860	164,000
16267,860	178,000
16275,860	153,000
16283,860	176,000
16291,860	217,000
16299,860	181,000
16307,861	160,000
16315,861	196,000
16323,861	177,000
16331,861	154,000
16339,861	178,000
16347,861	181,000
16355,862	187,000
16363,862	187,000
16371,862	170,000
16379,862	164,000
16387,862	171,000
16395,862	184,000
16403,863	162,000
16411,863	170,000
16419,863	156,000
16427,863	123,000
16435,863	143,000
16443,863	144,000
16451,864	167,000
16459,864	129,000
16467,864	155,000
16475,864	134,000
16483,864	143,000
16491,864	162,000
16499,865	112,000
16507,865	142,000
16515,865	109,000
16523,865	122,000
16531,865	101,000
16539,865	113,000
16547,866	100,000
16555,866	102,000
16563,866	111,000
16571,866	99,000
16579,866	91,000
16587,866	92,000
16595,867	91,000
16603,867	68,000
16611,867	62,000
16619,867	92,000
16627,867	69,000
16635,867	68,000
16643,868	58,000
16651,868	93,000
16659,868	66,000
16667,868	72,000
16675,868	56,000
16683,868	66,000
16691,869	58,000
16699,869	69,000
16707,869	66,000
16715,869	80,000
16723,869	59,000
16731,869	57,000
16739,870	56,000
16747,870	59,000
16755,870	71,000
16763,870	75,000
16771,870	56,000
16779,870	67,000
16787,871	70,000
16795,871	59,000
16803,871	69,000
16811,871	56,000
16819,871	64,000
16827,871	60,000
16835,872	56,000
16843,872	57,000
16851,872	56,000
16859,872	54,000
16867,872	64,000
16875,872	67,000
16883,873	63,000
16891,873	61,000
16899,873	77,000
16907,873	57,000
16915,873	52,000
16923,873	63,000
16931,874	73,000
16939,874	51,000
16947,874	63,000
16955,874	63,000
16963,874	61,000
16971,874	69,000
16979,875	73,000
16987,875	54,000
16995,875	59,000
17003,875	52,000
17011,875	59,000
17019,875	64,000
17027,876	58,000
17035,876	55,000
17043,876	56,000
17051,876	58,000
17059,876	55,000
17067,876	55,000
17075,877	63,000
17083,877	63,000
17091,877	63,000
17099,877	66,000
17107,877	71,000
17115,877	58,000
17123,878	52,000
17131,878	58,000
17139,878	56,000
17147,878	62,000
17155,878	63,000
17163,878	62,000
17171,879	65,000
17179,879	53,000
17187,879	44,000
17195,879	55,000
17203,879	62,000
17211,879	61,000
17219,880	48,000
17227,880	71,000
17235,880	49,000
17243,880	54,000
17251,880	57,000
17259,880	48,000
17267,881	64,000
17275,881	50,000
17283,881	65,000
17291,881	71,000
17299,881	40,000
17307,881	54,000
17315,882	71,000
17323,882	57,000
17331,882	54,000
17339,882	62,000
17347,882	45,000
17355,882	52,000
17363,883	59,000
17371,883	45,000
17379,883	51,000
17387,883	54,000
17395,883	62,000
17403,883	57,000
17411,884	61,000
17419,884	61,000
17427,884	50,000
17435,884	69,000
17443,884	51,000
17451,884	63,000
17459,885	56,000
17467,885	55,000
17475,885	42,000
17483,885	56,000
17491,885	49,000
17499,885	35,000
17507,886	51,000
17515,886	47,000
17523,886	57,000
17531,886	56,000
17539,886	45,000
17547,886	47,000
17555,887	46,000
17563,887	57,000
17571,887	50,000
17579,887	44,000
17587,887	58,000
17595,887	51,000
17603,888	66,000
17611,888	50,000
17619,888	60,000
17627,888	49,000
17635,888	43,000
17643,888	45,000
17651,889	65,000
17659,889	57,000
17667,889	67,000
17675,889	62,000
17683,889	63,000
17691,889	51,000
17699,890	68,000
17707,890	57,000
17715,890	55,000
17723,890	50,000
17731,890	46,000
17739,890	57,000
17747,891	54,000
17755,891	42,000
17763,891	64,000
17771,891	65,000
17779,891	73,000
17787,891	55,000
17795,892	58,000
17803,892	52,000
17811,892	64,000
17819,892	65,000
17827,892	66,000
17835,892	67,000
17843,893	75,000
17851,893	66,000
17859,893	65,000
17867,893	58,000
17875,893	59,000
17883,893	65,000
17891,894	55,000
17899,894	78,000
17907,894	81,000
17915,894	62,000
17923,894	57,000
17931,894	63,000
17939,895	70,000
17947,895	56,000
17955,895	63,000
17963,895	88,000
17971,895	65,000
17979,895	100,000
17987,896	76,000
17995,896	99,000
18003,896	82,000
18011,896	81,000
18019,896	76,000
18027,896	73,000
18035,897	78,000
18043,897	89,000
18051,897	81,000
18059,897	84,000
18067,897	94,000
18075,897	72,000
18083,898	79,000
18091,898	95,000
18099,898	74,000
18107,898	78,000
18115,898	68,000
18123,898	88,000
18131,899	99,000
18139,899	78,000
18147,899	67,000
18155,899	83,000
18163,899	75,000
18171,899	73,000
18179,900	77,000
18187,900	79,000
18195,900	86,000
18203,900	70,000
18211,900	73,000
18219,900	75,000
18227,901	83,000
18235,901	60,000
18243,901	79,000
18251,901	65,000
18259,901	70,000
18267,901	68,000
18275,902	70,000
18283,902	65,000
18291,902	68,000
18299,902	67,000
18307,902	62,000
18315,902	67,000
18323,903	52,000
18331,903	53,000
18339,903	59,000
18347,903	43,000
18355,903	32,000
18363,903	64,000
18371,904	48,000
18379,904	38,000
18387,904	42,000
18395,904	49,000
18403,904	42,000
18411,904	48,000
18419,905	33,000
18427,905	32,000
18435,905	50,000
18443,905	48,000
18451,905	35,000
18459,905	39,000
18467,906	40,000
18475,906	44,000
18483,906	41,000
18491,906	44,000
18499,906	41,000
18507,906	32,000
18515,907	39,000
18523,907	35,000
18531,907	49,000
18539,907	35,000
18547,907	39,000
18555,907	39,000
18563,908	35,000
18571,908	42,000
18579,908	27,000
18587,908	34,000
18595,908	32,000
18603,908	34,000
18611,909	44,000
18619,909	43,000
18627,909	41,000
18635,909	28,000
18643,909	37,000
18651,909	40,000
18659,910	36,000
18667,910	33,000
18675,910	40,000
18683,910	36,000
18691,910	36,000
18699,910	28,000
18707,911	34,000
18715,911	36,000
18723,911	33,000
18731,911	40,000
18739,911	45,000
18747,911	35,000
18755,912	40,000
18763,912	49,000
18771,912	34,000
18779,912	33,000
18787,912	34,000
18795,912	27,000
18803,913	29,000
18811,913	28,000
18819,913	32,000
18827,913	35,000
18835,913	34,000
18843,913	39,000
18851,914	35,000
18859,914	29,000
18867,914	28,000
18875,914	39,000
18883,914	34,000
18891,914	29,000
18899,915	25,000
18907,915	25,000
18915,915	47,000
18923,915	33,000
18931,915	27,000
18939,915	41,000
18947,916	41,000
18955,916	25,000
18963,916	43,000
18971,916	36,000
18979,916	32,000
18987,916	35,000
18995,917	36,000
19003,917	35,000
19011,917	31,000
19019,917	27,000
19027,917	32,000
19035,917	27,000
19043,918	35,000
19051,918	33,000
19059,918	37,000
19067,918	33,000
19075,918	36,000
19083,918	29,000
19091,919	25,000
19099,919	26,000
19107,919	30,000
19115,919	32,000
19123,919	26,000
19131,919	29,000
19139,920	37,000
19147,920	26,000
19155,920	27,000
19163,920	45,000
19171,920	40,000
19179,920	31,000
19187,921	29,000
19195,921	36,000
19203,921	26,000
19211,921	32,000
19219,921	33,000
19227,921	34,000
19235,922	21,000
19243,922	35,000
19251,922	28,000
19259,922	26,000
19267,922	33,000
19275,922	30,000
19283,923	33,000
19291,923	33,000
19299,923	43,000
19307,923	33,000
19315,923	22,000
19323,923	35,000
19331,924	28,000
19339,924	25,000
19347,924	19,000
19355,924	37,000
19363,924	28,000
19371,924	34,000
19379,925	33,000
19387,925	30,000
19395,925	30,000
19403,925	39,000
19411,925	36,000
19419,925	30,000
19427,926	29,000
19435,926	32,000
19443,926	32,000
19451,926	31,000
19459,926	38,000
19467,926	28,000
19475,927	36,000
19483,927	33,000
19491,927	26,000
19499,927	35,000
19507,927	31,000
19515,927	48,000
19523,928	30,000
19531,928	25,000
19539,928	37,000
19547,928	34,000
19555,928	34,000
19563,928	28,000
19571,929	29,000
19579,929	35,000
19587,929	32,000
19595,929	34,000
19603,929	41,000
19611,929	28,000
19619,930	42,000
19627,930	23,000
19635,930	31,000
19643,930	29,000
19651,930	38,000
19659,930	24,000
19667,931	42,000
19675,931	37,000
19683,931	42,000
19691,931	43,000
19699,931	37,000
19707,931	38,000
19715,932	29,000
19723,932	37,000
19731,932	29,000
19739,932	31,000
19747,932	31,000
19755,932	41,000
19763,933	43,000
19771,933	25,000
19779,933	35,000
19787,933	48,000
19795,933	28,000
19803,933	27,000
19811,934	33,000
19819,934	48,000
19827,934	33,000
19835,934	41,000
19843,934	33,000
19851,934	41,000
19859,935	22,000
19867,935	37,000
19875,935	41,000
19883,935	40,000
19891,935	38,000
19899,935	33,000
19907,936	37,000
19915,936	32,000
19923,936	35,000
19931,936	34,000
19939,936	43,000
19947,936	33,000
19955,937	33,000
19963,937	35,000
19971,937	46,000
19979,937	27,000
19987,937	25,000
19995,937	31,000
20003,938	33,000
20011,938	22,000
20019,938	30,000
20027,938	35,000
20035,938	36,000
20043,938	34,000
20051,939	26,000
20059,939	35,000
20067,939	38,000
20075,939	25,000
20083,939	34,000
20091,939	33,000
20099,940	32,000
20107,940	22,000
20115,940	22,000
20123,940	32,000
20131,940	25,000
20139,940	25,000
20147,941	20,000
20155,941	26,000
20163,941	14,000
20171,941	9,000
20179,941	22,000
20187,941	33,000
20195,942	16,000
20203,942	37,000
20211,942	17,000
20219,942	29,000
20227,942	23,000
20235,942	25,000
20243,943	23,000
20251,943	13,000
20259,943	22,000
20267,943	21,000
20275,943	19,000
20283,943	21,000
20291,944	13,000
20299,944	21,000
20307,944	22,000
20315,944	23,000
20323,944	17,000
20331,944	15,000
20339,945	16,000
20347,945	23,000
20355,945	24,000
20363,945	12,000
20371,945	25,000
20379,945	24,000
20387,946	19,000
20395,946	15,000
20403,946	21,000
20411,946	20,000
20419,946	22,000
20427,946	16,000
20435,947	20,000
20443,947	22,000
20451,947	16,000
20459,947	16,000
20467,947	23,000
20475,947	17,000
20483,948	11,000
20491,948	19,000
20499,948	16,000
20507,948	9,000
20515,948	23,000
20523,948	17,000
20531,949	15,000
20539,949	20,000
20547,949	18,000
20555,949	25,000
20563,949	15,000
20571,949	17,000
20579,950	19,000
20587,950	15,000
20595,950	19,000
20603,950	20,000
20611,950	21,000
20619,950	16,000
20627,951	27,000
20635,951	18,000
20643,951	18,000
20651,951	26,000
20659,951	23,000
20667,951	20,000
20675,952	20,000
20683,952	15,000
20691,952	17,000
20699,952	12,000
20707,952	13,000
20715,952	15,000
20723,953	19,000
20731,953	23,000
20739,953	20,000
20747,953	13,000
20755,953	16,000
20763,953	11,000
20771,954	21,000
20779,954	16,000
20787,954	18,000
20795,954	24,000
20803,954	21,000
20811,954	24,000
20819,955	16,000
20827,955	14,000
20835,955	21,000
20843,955	21,000
20851,955	30,000
20859,955	16,000
20867,956	20,000
20875,956	16,000
20883,956	16,000
20891,956	12,000
20899,956	14,000
20907,956	15,000
20915,957	20,000
20923,957	16,000
20931,957	16,000
20939,957	16,000
20947,957	13,000
20955,957	16,000
20963,958	9,000
20971,958	18,000
20979,958	14,000
20987,958	9,000
20995,958	8,000
21003,958	20,000
21011,959	24,000
21019,959	18,000
21027,959	18,000
21035,959	13,000
21043,959	12,000
21051,959	13,000
21059,960	29,000
21067,960	23,000
21075,960	14,000
21083,960	22,000
21091,960	21,000
21099,960	17,000
21107,961	18,000
21115,961	21,000
21123,961	19,000
21131,961	13,000
21139,961	12,000
21147,961	27,000
21155,962	19,000
21163,962	13,000
21171,962	16,000
21179,962	9,000
21187,962	16,000
21195,962	11,000
21203,963	14,000
21211,963	27,000
21219,963	19,000
21227,963	16,000
21235,963	13,000
21243,963	14,000
21251,964	15,000
21259,964	14,000
21267,964	12,000
21275,964	14,000
21283,964	11,000
21291,964	17,000
21299,965	17,000
21307,965	15,000
21315,965	18,000
21323,965	17,000
21331,965	13,000
21339,965	14,000
21347,966	15,000
21355,966	21,000
21363,966	8,000
21371,966	21,000
21379,966	18,000
21387,966	11,000
21395,967	20,000
21403,967	17,000
21411,967	15,000
21419,967	16,000
21427,967	13,000
21435,967	13,000
21443,968	17,000
21451,968	21,000
21459,968	12,000
21467,968	16,000
21475,968	23,000
21483,968	16,000
21491,969	11,000
21499,969	7,000
21507,969	16,000
21515,969	25,000
21523,969	22,000
21531,969	22,000
21539,970	10,000
21547,970	13,000
21555,970	19,000
21563,970	17,000
21571,970	21,000
21579,970	19,000
21587,971	10,000
21595,971	15,000
21603,971	23,000
21611,971	18,000
21619,971	17,000
21627,971	18,000
21635,972	14,000
21643,972	15,000
21651,972	18,000
21659,972	14,000
21667,972	10,000
21675,972	25,000
21683,973	19,000
21691,973	15,000
21699,973	14,000
21707,973	13,000
21715,973	13,000
21723,973	14,000
21731,974	16,000
21739,974	10,000
21747,974	15,000
21755,974	15,000
21763,974	12,000
21771,974	11,000
21779,975	12,000
21787,975	14,000
21795,975	11,000
21803,975	13,000
21811,975	18,000
21819,975	11,000
21827,976	15,000
21835,976	13,000
21843,976	7,000
21851,976	9,000
21859,976	8,000
21867,976	13,000
21875,977	8,000
21883,977	13,000
21891,977	6,000
21899,977	14,000
21907,977	14,000
21915,977	11,000
21923,978	21,000
21931,978	9,000
21939,978	6,000
21947,978	9,000
21955,978	6,000
21963,978	12,000
21971,979	9,000
21979,979	13,000
21987,979	13,000
21995,979	9,000
22003,979	8,000
22011,979	14,000
22019,980	7,000
22027,980	10,000
22035,980	11,000
22043,980	10,000
22051,980	10,000
22059,980	10,000
22067,981	15,000
22075,981	9,000
22083,981	8,000
22091,981	13,000
22099,981	11,000
22107,981	6,000
22115,982	8,000
22123,982	9,000
22131,982	6,000
22139,982	7,000
22147,982	13,000
22155,982	11,000
22163,983	11,000
22171,983	7,000
22179,983	10,000
22187,983	12,000
22195,983	7,000
22203,983	8,000
22211,984	5,000
22219,984	16,000
22227,984	12,000
22235,984	11,000
22243,984	9,000
22251,984	10,000
22259,985	2,000
22267,985	14,000
22275,985	7,000
22283,985	13,000
22291,985	9,000
22299,985	9,000
22307,986	7,000
22315,986	5,000
22323,986	8,000
22331,986	7,000
22339,986	10,000
22347,986	6,000
22355,987	12,000
22363,987	11,000
22371,987	9,000
22379,987	13,000
22387,987	10,000
22395,987	4,000
22403,988	11,000
22411,988	11,000
22419,988	6,000
22427,988	7,000
22435,988	8,000
22443,988	7,000
22451,989	11,000
22459,989	5,000
22467,989	6,000
22475,989	9,000
22483,989	8,000
22491,989	8,000
22499,990	5,000
22507,990	9,000
22515,990	5,000
22523,990	18,000
22531,990	7,000
22539,990	5,000
22547,991	4,000
22555,991	7,000
22563,991	10,000
22571,991	10,000
22579,991	9,000
22587,991	11,000
22595,992	8,000
22603,992	5,000
22611,992	6,000
22619,992	10,000
22627,992	6,000
22635,992	7,000
22643,993	13,000
22651,993	7,000
22659,993	8,000
22667,993	6,000
22675,993	8,000
22683,993	7,000
22691,994	7,000
22699,994	5,000
22707,994	11,000
22715,994	8,000
22723,994	8,000
22731,994	11,000
22739,995	13,000
22747,995	14,000
22755,995	2,000
22763,995	7,000
22771,995	7,000
22779,995	11,000
22787,996	2,000
22795,996	11,000
22803,996	7,000
22811,996	4,000
22819,996	6,000
22827,996	6,000
22835,997	11,000
22843,997	6,000
22851,997	7,000
22859,997	5,000
22867,997	11,000
22875,997	8,000
22883,998	10,000
22891,998	6,000
22899,998	15,000
22907,998	5,000
22915,998	8,000
22923,998	16,000
22931,999	5,000
22939,999	3,000
22947,999	9,000
22955,999	9,000
22963,999	4,000
22971,999	6,000
22980,000	11,000
22988,000	9,000
22996,000	11,000
