-996,500	0,000
-988,500	0,000
-980,500	0,000
-972,499	0,000
-964,499	0,000
-956,499	0,000
-948,499	0,000
-940,499	0,000
-932,499	0,000
-924,498	0,000
-916,498	0,000
-908,498	0,000
-900,498	0,000
-892,498	0,000
-884,498	0,000
-876,497	0,000
-868,497	0,000
-860,497	0,000
-852,497	0,000
-844,497	0,000
-836,497	0,000
-828,496	0,000
-820,496	0,000
-812,496	0,000
-804,496	0,000
-796,496	0,000
-788,496	0,000
-780,495	0,000
-772,495	0,000
-764,495	0,000
-756,495	0,000
-748,495	0,000
-740,495	0,000
-732,494	0,000
-724,494	0,000
-716,494	0,000
-708,494	0,000
-700,494	0,000
-692,494	0,000
-684,493	0,000
-676,493	0,000
-668,493	0,000
-660,493	0,000
-652,493	0,000
-644,493	0,000
-636,492	0,000
-628,492	0,000
-620,492	0,000
-612,492	0,000
-604,492	0,000
-596,492	0,000
-588,491	0,000
-580,491	0,000
-572,491	0,000
-564,491	0,000
-556,491	0,000
-548,491	0,000
-540,490	0,000
-532,490	0,000
-524,490	0,000
-516,490	0,000
-508,490	0,000
-500,490	0,000
-492,489	0,000
-484,489	0,000
-476,489	0,000
-468,489	0,000
-460,489	0,000
-452,489	0,000
-444,488	0,000
-436,488	0,000
-428,488	0,000
-420,488	0,000
-412,488	0,000
-404,488	0,000
-396,487	0,000
-388,487	0,000
-380,487	0,000
-372,487	0,000
-364,487	0,000
-356,487	0,000
-348,486	0,000
-340,486	0,000
-332,486	0,000
-324,486	0,000
-316,486	0,000
-308,486	0,000
-300,485	0,000
-292,485	0,000
-284,485	0,000
-276,485	0,000
-268,485	0,000
-260,485	0,000
-252,484	0,000
-244,484	0,000
-236,484	0,000
-228,484	0,000
-220,484	0,000
-212,484	0,000
-204,483	0,000
-196,483	0,000
-188,483	0,000
-180,483	0,000
-172,483	0,000
-164,483	0,000
-156,482	0,000
-148,482	0,000
-140,482	0,000
-132,482	0,000
-124,482	0,000
-116,482	1,000
-108,481	3,000
-100,481	5,000
-92,481	9,000
-84,481	31,000
-76,481	79,000
-68,481	114,000
-60,480	285,000
-52,480	462,000
-44,480	769,000
-36,480	1296,000
-28,480	1728,000
-20,480	2233,000
-12,479	2583,000
-4,479	2886,000
3,521	2847,000
11,521	2759,000
19,521	2265,000
27,521	1814,000
35,522	1325,000
43,522	881,000
51,522	529,000
59,522	310,000
67,522	180,000
75,522	113,000
83,523	59,000
91,523	36,000
99,523	31,000
107,523	28,000
115,523	22,000
123,523	18,000
131,524	13,000
139,524	15,000
147,524	13,000
155,524	24,000
163,524	19,000
171,524	18,000
179,525	10,000
187,525	16,000
195,525	12,000
203,525	9,000
211,525	14,000
219,525	18,000
227,526	14,000
235,526	10,000
243,526	9,000
251,526	12,000
259,526	12,000
267,526	12,000
275,527	6,000
283,527	9,000
291,527	7,000
299,527	10,000
307,527	5,000
315,527	8,000
323,528	6,000
331,528	10,000
339,528	13,000
347,528	5,000
355,528	11,000
363,528	7,000
371,529	4,000
379,529	4,000
387,529	10,000
395,529	7,000
403,529	11,000
411,529	8,000
419,530	9,000
427,530	10,000
435,530	6,000
443,530	7,000
451,530	11,000
459,530	9,000
467,531	11,000
475,531	8,000
483,531	8,000
491,531	7,000
499,531	8,000
507,531	7,000
515,532	6,000
523,532	11,000
531,532	11,000
539,532	10,000
547,532	10,000
555,532	5,000
563,533	10,000
571,533	15,000
579,533	12,000
587,533	21,000
595,533	11,000
603,533	11,000
611,534	13,000
619,534	11,000
627,534	15,000
635,534	12,000
643,534	8,000
651,534	17,000
659,535	9,000
667,535	11,000
675,535	14,000
683,535	20,000
691,535	13,000
699,535	23,000
707,536	16,000
715,536	21,000
723,536	12,000
731,536	23,000
739,536	19,000
747,536	22,000
755,537	24,000
763,537	29,000
771,537	22,000
779,537	28,000
787,537	26,000
795,537	34,000
803,538	20,000
811,538	24,000
819,538	35,000
827,538	48,000
835,538	39,000
843,538	52,000
851,539	87,000
859,539	110,000
867,539	171,000
875,539	255,000
883,539	370,000
891,539	528,000
899,540	646,000
907,540	955,000
915,540	1280,000
923,540	1620,000
931,540	2067,000
939,540	2602,000
947,541	3147,000
955,541	3781,000
963,541	4390,000
971,541	4698,000
979,541	5220,000
987,541	5442,000
995,542	5640,000
1003,542	5634,000
1011,542	5381,000
1019,542	4988,000
1027,542	4387,000
1035,542	3803,000
1043,543	3319,000
1051,543	2662,000
1059,543	2026,000
1067,543	1572,000
1075,543	1147,000
1083,543	810,000
1091,544	538,000
1099,544	399,000
1107,544	281,000
1115,544	184,000
1123,544	158,000
1131,544	118,000
1139,545	84,000
1147,545	77,000
1155,545	60,000
1163,545	44,000
1171,545	60,000
1179,545	60,000
1187,546	53,000
1195,546	69,000
1203,546	42,000
1211,546	57,000
1219,546	51,000
1227,546	47,000
1235,547	56,000
1243,547	49,000
1251,547	47,000
1259,547	51,000
1267,547	55,000
1275,547	59,000
1283,548	62,000
1291,548	51,000
1299,548	38,000
1307,548	32,000
1315,548	57,000
1323,548	53,000
1331,549	45,000
1339,549	60,000
1347,549	65,000
1355,549	46,000
1363,549	39,000
1371,549	55,000
1379,550	42,000
1387,550	51,000
1395,550	49,000
1403,550	59,000
1411,550	41,000
1419,550	50,000
1427,551	40,000
1435,551	50,000
1443,551	52,000
1451,551	43,000
1459,551	45,000
1467,551	44,000
1475,552	43,000
1483,552	55,000
1491,552	38,000
1499,552	56,000
1507,552	46,000
1515,552	53,000
1523,553	36,000
1531,553	46,000
1539,553	49,000
1547,553	39,000
1555,553	56,000
1563,553	50,000
1571,554	47,000
1579,554	48,000
1587,554	53,000
1595,554	42,000
1603,554	52,000
1611,554	65,000
1619,555	56,000
1627,555	57,000
1635,555	61,000
1643,555	62,000
1651,555	64,000
1659,555	49,000
1667,556	59,000
1675,556	61,000
1683,556	52,000
1691,556	84,000
1699,556	67,000
1707,556	81,000
1715,557	71,000
1723,557	67,000
1731,557	88,000
1739,557	66,000
1747,557	88,000
1755,557	72,000
1763,558	103,000
1771,558	105,000
1779,558	103,000
1787,558	130,000
1795,558	128,000
1803,558	140,000
1811,559	181,000
1819,559	211,000
1827,559	279,000
1835,559	327,000
1843,559	457,000
1851,559	566,000
1859,560	738,000
1867,560	906,000
1875,560	1115,000
1883,560	1439,000
1891,560	1756,000
1899,560	2134,000
1907,561	2545,000
1915,561	2961,000
1923,561	3637,000
1931,561	3994,000
1939,561	4614,000
1947,561	5175,000
1955,562	5689,000
1963,562	6140,000
1971,562	6488,000
1979,562	6665,000
1987,562	6885,000
1995,562	7013,000
2003,563	6683,000
2011,563	6484,000
2019,563	6225,000
2027,563	5672,000
2035,563	5107,000
2043,563	4813,000
2051,564	4015,000
2059,564	3532,000
2067,564	2832,000
2075,564	2403,000
2083,564	1888,000
2091,564	1497,000
2099,565	1161,000
2107,565	891,000
2115,565	663,000
2123,565	499,000
2131,565	375,000
2139,565	317,000
2147,566	232,000
2155,566	185,000
2163,566	131,000
2171,566	131,000
2179,566	128,000
2187,566	121,000
2195,567	118,000
2203,567	129,000
2211,567	118,000
2219,567	100,000
2227,567	108,000
2235,567	121,000
2243,568	122,000
2251,568	120,000
2259,568	119,000
2267,568	89,000
2275,568	123,000
2283,568	111,000
2291,569	124,000
2299,569	118,000
2307,569	109,000
2315,569	123,000
2323,569	101,000
2331,569	105,000
2339,570	103,000
2347,570	100,000
2355,570	121,000
2363,570	116,000
2371,570	116,000
2379,570	108,000
2387,571	101,000
2395,571	108,000
2403,571	111,000
2411,571	110,000
2419,571	103,000
2427,571	113,000
2435,572	113,000
2443,572	104,000
2451,572	99,000
2459,572	127,000
2467,572	99,000
2475,572	107,000
2483,573	118,000
2491,573	114,000
2499,573	118,000
2507,573	107,000
2515,573	131,000
2523,573	108,000
2531,574	109,000
2539,574	120,000
2547,574	118,000
2555,574	119,000
2563,574	112,000
2571,574	85,000
2579,575	125,000
2587,575	104,000
2595,575	116,000
2603,575	134,000
2611,575	125,000
2619,575	120,000
2627,576	116,000
2635,576	129,000
2643,576	113,000
2651,576	131,000
2659,576	132,000
2667,576	124,000
2675,577	129,000
2683,577	122,000
2691,577	139,000
2699,577	106,000
2707,577	133,000
2715,577	154,000
2723,578	140,000
2731,578	146,000
2739,578	148,000
2747,578	153,000
2755,578	169,000
2763,578	190,000
2771,579	206,000
2779,579	247,000
2787,579	269,000
2795,579	313,000
2803,579	392,000
2811,579	455,000
2819,580	503,000
2827,580	674,000
2835,580	773,000
2843,580	933,000
2851,580	1116,000
2859,580	1370,000
2867,581	1595,000
2875,581	1936,000
2883,581	2216,000
2891,581	2592,000
2899,581	2919,000
2907,581	3384,000
2915,582	3613,000
2923,582	4145,000
2931,582	4606,000
2939,582	4917,000
2947,582	5254,000
2955,582	5632,000
2963,583	5914,000
2971,583	6052,000
2979,583	6172,000
2987,583	6207,000
2995,583	6252,000
3003,583	6111,000
3011,584	5835,000
3019,584	5670,000
3027,584	5276,000
3035,584	4793,000
3043,584	4620,000
3051,584	3916,000
3059,585	3455,000
3067,585	3137,000
3075,585	2669,000
3083,585	2321,000
3091,585	1933,000
3099,585	1647,000
3107,586	1312,000
3115,586	1089,000
3123,586	862,000
3131,586	710,000
3139,586	524,000
3147,586	444,000
3155,587	370,000
3163,587	301,000
3171,587	262,000
3179,587	217,000
3187,587	181,000
3195,587	173,000
3203,588	161,000
3211,588	175,000
3219,588	156,000
3227,588	151,000
3235,588	136,000
3243,588	157,000
3251,589	153,000
3259,589	180,000
3267,589	151,000
3275,589	150,000
3283,589	151,000
3291,589	165,000
3299,590	156,000
3307,590	176,000
3315,590	154,000
3323,590	160,000
3331,590	141,000
3339,590	151,000
3347,591	173,000
3355,591	161,000
3363,591	173,000
3371,591	147,000
3379,591	145,000
3387,591	167,000
3395,592	151,000
3403,592	159,000
3411,592	155,000
3419,592	150,000
3427,592	144,000
3435,592	143,000
3443,593	135,000
3451,593	160,000
3459,593	159,000
3467,593	146,000
3475,593	139,000
3483,593	155,000
3491,594	161,000
3499,594	148,000
3507,594	140,000
3515,594	150,000
3523,594	137,000
3531,594	159,000
3539,595	139,000
3547,595	144,000
3555,595	135,000
3563,595	149,000
3571,595	147,000
3579,595	132,000
3587,596	154,000
3595,596	160,000
3603,596	140,000
3611,596	164,000
3619,596	157,000
3627,596	171,000
3635,597	158,000
3643,597	177,000
3651,597	153,000
3659,597	171,000
3667,597	148,000
3675,597	159,000
3683,598	170,000
3691,598	194,000
3699,598	166,000
3707,598	179,000
3715,598	177,000
3723,598	227,000
3731,599	196,000
3739,599	218,000
3747,599	254,000
3755,599	252,000
3763,599	268,000
3771,599	298,000
3779,600	378,000
3787,600	391,000
3795,600	465,000
3803,600	507,000
3811,600	614,000
3819,600	699,000
3827,601	816,000
3835,601	886,000
3843,601	1066,000
3851,601	1289,000
3859,601	1403,000
3867,601	1638,000
3875,602	1924,000
3883,602	2055,000
3891,602	2301,000
3899,602	2541,000
3907,602	2785,000
3915,602	3034,000
3923,603	3355,000
3931,603	3631,000
3939,603	3904,000
3947,603	3834,000
3955,603	4101,000
3963,603	4238,000
3971,604	4396,000
3979,604	4422,000
3987,604	4309,000
3995,604	4356,000
4003,604	4177,000
4011,604	4131,000
4019,605	3921,000
4027,605	3698,000
4035,605	3450,000
4043,605	3187,000
4051,605	2967,000
4059,605	2737,000
4067,606	2398,000
4075,606	2157,000
4083,606	1909,000
4091,606	1588,000
4099,606	1414,000
4107,606	1187,000
4115,607	1021,000
4123,607	870,000
4131,607	736,000
4139,607	611,000
4147,607	506,000
4155,607	419,000
4163,608	376,000
4171,608	297,000
4179,608	288,000
4187,608	216,000
4195,608	199,000
4203,608	180,000
4211,609	179,000
4219,609	183,000
4227,609	151,000
4235,609	147,000
4243,609	132,000
4251,609	144,000
4259,610	150,000
4267,610	143,000
4275,610	150,000
4283,610	157,000
4291,610	122,000
4299,610	165,000
4307,611	162,000
4315,611	152,000
4323,611	148,000
4331,611	142,000
4339,611	143,000
4347,611	153,000
4355,612	161,000
4363,612	151,000
4371,612	153,000
4379,612	156,000
4387,612	182,000
4395,612	145,000
4403,613	155,000
4411,613	163,000
4419,613	132,000
4427,613	154,000
4435,613	158,000
4443,613	149,000
4451,614	176,000
4459,614	144,000
4467,614	145,000
4475,614	161,000
4483,614	151,000
4491,614	160,000
4499,615	152,000
4507,615	159,000
4515,615	160,000
4523,615	150,000
4531,615	142,000
4539,615	157,000
4547,616	172,000
4555,616	141,000
4563,616	165,000
4571,616	144,000
4579,616	133,000
4587,616	125,000
4595,617	155,000
4603,617	137,000
4611,617	147,000
4619,617	144,000
4627,617	162,000
4635,617	138,000
4643,618	131,000
4651,618	151,000
4659,618	129,000
4667,618	162,000
4675,618	153,000
4683,618	160,000
4691,619	159,000
4699,619	161,000
4707,619	169,000
4715,619	200,000
4723,619	184,000
4731,619	202,000
4739,620	220,000
4747,620	238,000
4755,620	265,000
4763,620	274,000
4771,620	314,000
4779,620	349,000
4787,621	364,000
4795,621	414,000
4803,621	525,000
4811,621	569,000
4819,621	633,000
4827,621	734,000
4835,622	747,000
4843,622	829,000
4851,622	964,000
4859,622	1051,000
4867,622	1209,000
4875,622	1363,000
4883,623	1470,000
4891,623	1593,000
4899,623	1803,000
4907,623	1872,000
4915,623	1976,000
4923,623	2090,000
4931,624	2232,000
4939,624	2239,000
4947,624	2364,000
4955,624	2441,000
4963,624	2478,000
4971,624	2473,000
4979,625	2564,000
4987,625	2578,000
4995,625	2457,000
5003,625	2450,000
5011,625	2468,000
5019,625	2317,000
5027,626	2194,000
5035,626	2098,000
5043,626	1891,000
5051,626	1825,000
5059,626	1631,000
5067,626	1484,000
5075,627	1377,000
5083,627	1304,000
5091,627	1115,000
5099,627	960,000
5107,627	869,000
5115,627	742,000
5123,628	637,000
5131,628	546,000
5139,628	475,000
5147,628	426,000
5155,628	365,000
5163,628	329,000
5171,629	277,000
5179,629	215,000
5187,629	205,000
5195,629	185,000
5203,629	165,000
5211,629	177,000
5219,630	141,000
5227,630	141,000
5235,630	136,000
5243,630	115,000
5251,630	114,000
5259,630	112,000
5267,631	122,000
5275,631	107,000
5283,631	116,000
5291,631	129,000
5299,631	129,000
5307,631	106,000
5315,632	116,000
5323,632	113,000
5331,632	119,000
5339,632	139,000
5347,632	123,000
5355,632	134,000
5363,633	122,000
5371,633	125,000
5379,633	103,000
5387,633	125,000
5395,633	95,000
5403,633	103,000
5411,634	132,000
5419,634	108,000
5427,634	121,000
5435,634	121,000
5443,634	120,000
5451,634	122,000
5459,635	114,000
5467,635	105,000
5475,635	99,000
5483,635	112,000
5491,635	117,000
5499,635	103,000
5507,636	123,000
5515,636	118,000
5523,636	126,000
5531,636	110,000
5539,636	107,000
5547,636	105,000
5555,637	93,000
5563,637	96,000
5571,637	99,000
5579,637	108,000
5587,637	109,000
5595,637	114,000
5603,638	111,000
5611,638	109,000
5619,638	110,000
5627,638	129,000
5635,638	125,000
5643,638	96,000
5651,639	103,000
5659,639	128,000
5667,639	122,000
5675,639	106,000
5683,639	121,000
5691,639	129,000
5699,640	126,000
5707,640	129,000
5715,640	136,000
5723,640	162,000
5731,640	129,000
5739,640	154,000
5747,641	177,000
5755,641	216,000
5763,641	230,000
5771,641	258,000
5779,641	244,000
5787,641	267,000
5795,642	308,000
5803,642	330,000
5811,642	401,000
5819,642	411,000
5827,642	463,000
5835,642	528,000
5843,643	523,000
5851,643	642,000
5859,643	631,000
5867,643	742,000
5875,643	792,000
5883,643	855,000
5891,644	941,000
5899,644	964,000
5907,644	969,000
5915,644	1051,000
5923,644	1062,000
5931,644	1135,000
5939,645	1155,000
5947,645	1222,000
5955,645	1229,000
5963,645	1277,000
5971,645	1290,000
5979,645	1284,000
5987,646	1214,000
5995,646	1284,000
6003,646	1193,000
6011,646	1153,000
6019,646	1141,000
6027,646	1073,000
6035,647	1046,000
6043,647	975,000
6051,647	964,000
6059,647	827,000
6067,647	782,000
6075,647	762,000
6083,648	653,000
6091,648	612,000
6099,648	528,000
6107,648	503,000
6115,648	435,000
6123,648	388,000
6131,649	307,000
6139,649	325,000
6147,649	254,000
6155,649	206,000
6163,649	211,000
6171,649	176,000
6179,650	144,000
6187,650	120,000
6195,650	114,000
6203,650	118,000
6211,650	104,000
6219,650	104,000
6227,651	104,000
6235,651	105,000
6243,651	63,000
6251,651	84,000
6259,651	79,000
6267,651	83,000
6275,652	91,000
6283,652	82,000
6291,652	69,000
6299,652	73,000
6307,652	70,000
6315,652	68,000
6323,653	79,000
6331,653	72,000
6339,653	73,000
6347,653	75,000
6355,653	72,000
6363,653	70,000
6371,654	92,000
6379,654	77,000
6387,654	85,000
6395,654	81,000
6403,654	89,000
6411,654	64,000
6419,655	80,000
6427,655	70,000
6435,655	72,000
6443,655	59,000
6451,655	64,000
6459,655	63,000
6467,656	78,000
6475,656	75,000
6483,656	57,000
6491,656	58,000
6499,656	62,000
6507,656	70,000
6515,657	78,000
6523,657	81,000
6531,657	71,000
6539,657	73,000
6547,657	59,000
6555,657	76,000
6563,658	71,000
6571,658	82,000
6579,658	60,000
6587,658	60,000
6595,658	58,000
6603,658	72,000
6611,659	51,000
6619,659	50,000
6627,659	75,000
6635,659	68,000
6643,659	71,000
6651,659	70,000
6659,660	63,000
6667,660	81,000
6675,660	62,000
6683,660	74,000
6691,660	76,000
6699,660	82,000
6707,661	88,000
6715,661	73,000
6723,661	122,000
6731,661	104,000
6739,661	95,000
6747,661	111,000
6755,662	114,000
6763,662	117,000
6771,662	129,000
6779,662	130,000
6787,662	151,000
6795,662	173,000
6803,663	209,000
6811,663	229,000
6819,663	207,000
6827,663	214,000
6835,663	271,000
6843,663	284,000
6851,664	319,000
6859,664	319,000
6867,664	353,000
6875,664	376,000
6883,664	484,000
6891,664	369,000
6899,665	414,000
6907,665	459,000
6915,665	432,000
6923,665	500,000
6931,665	496,000
6939,665	544,000
6947,666	525,000
6955,666	584,000
6963,666	562,000
6971,666	564,000
6979,666	568,000
6987,666	516,000
6995,667	521,000
7003,667	538,000
7011,667	486,000
7019,667	491,000
7027,667	481,000
7035,667	440,000
7043,668	442,000
7051,668	400,000
7059,668	408,000
7067,668	373,000
7075,668	298,000
7083,668	302,000
7091,669	295,000
7099,669	288,000
7107,669	231,000
7115,669	217,000
7123,669	217,000
7131,669	161,000
7139,670	153,000
7147,670	133,000
7155,670	139,000
7163,670	127,000
7171,670	102,000
7179,670	82,000
7187,671	73,000
7195,671	84,000
7203,671	68,000
7211,671	63,000
7219,671	50,000
7227,671	67,000
7235,672	63,000
7243,672	55,000
7251,672	53,000
7259,672	41,000
7267,672	61,000
7275,672	43,000
7283,673	42,000
7291,673	47,000
7299,673	46,000
7307,673	43,000
7315,673	54,000
7323,673	44,000
7331,674	38,000
7339,674	42,000
7347,674	27,000
7355,674	45,000
7363,674	29,000
7371,674	43,000
7379,675	43,000
7387,675	35,000
7395,675	34,000
7403,675	28,000
7411,675	47,000
7419,675	41,000
7427,676	39,000
7435,676	38,000
7443,676	44,000
7451,676	43,000
7459,676	42,000
7467,676	33,000
7475,677	37,000
7483,677	28,000
7491,677	33,000
7499,677	42,000
7507,677	49,000
7515,677	28,000
7523,678	49,000
7531,678	35,000
7539,678	40,000
7547,678	32,000
7555,678	34,000
7563,678	29,000
7571,679	28,000
7579,679	35,000
7587,679	42,000
7595,679	30,000
7603,679	33,000
7611,679	40,000
7619,680	30,000
7627,680	43,000
7635,680	45,000
7643,680	42,000
7651,680	47,000
7659,680	45,000
7667,681	35,000
7675,681	33,000
7683,681	38,000
7691,681	35,000
7699,681	41,000
7707,681	40,000
7715,682	57,000
7723,682	40,000
7731,682	49,000
7739,682	60,000
7747,682	61,000
7755,682	61,000
7763,683	70,000
7771,683	73,000
7779,683	61,000
7787,683	72,000
7795,683	78,000
7803,683	75,000
7811,684	113,000
7819,684	100,000
7827,684	117,000
7835,684	123,000
7843,684	102,000
7851,684	146,000
7859,685	141,000
7867,685	149,000
7875,685	125,000
7883,685	159,000
7891,685	158,000
7899,685	158,000
7907,686	187,000
7915,686	188,000
7923,686	181,000
7931,686	221,000
7939,686	209,000
7947,686	204,000
7955,687	229,000
7963,687	213,000
7971,687	213,000
7979,687	205,000
7987,687	218,000
7995,687	187,000
8003,688	196,000
8011,688	193,000
8019,688	190,000
8027,688	177,000
8035,688	169,000
8043,688	149,000
8051,689	170,000
8059,689	189,000
8067,689	146,000
8075,689	147,000
8083,689	108,000
8091,689	117,000
8099,690	118,000
8107,690	102,000
8115,690	79,000
8123,690	73,000
8131,690	84,000
8139,690	56,000
8147,691	63,000
8155,691	62,000
8163,691	63,000
8171,691	43,000
8179,691	37,000
8187,691	37,000
8195,692	24,000
8203,692	41,000
8211,692	28,000
8219,692	42,000
8227,692	30,000
8235,692	23,000
8243,693	27,000
8251,693	21,000
8259,693	18,000
8267,693	16,000
8275,693	20,000
8283,693	26,000
8291,694	17,000
8299,694	20,000
8307,694	19,000
8315,694	23,000
8323,694	20,000
8331,694	16,000
8339,695	21,000
8347,695	14,000
8355,695	20,000
8363,695	16,000
8371,695	18,000
8379,695	16,000
8387,696	13,000
8395,696	8,000
8403,696	24,000
8411,696	20,000
8419,696	26,000
8427,696	19,000
8435,697	21,000
8443,697	10,000
8451,697	13,000
8459,697	19,000
8467,697	16,000
8475,697	13,000
8483,698	19,000
8491,698	17,000
8499,698	19,000
8507,698	19,000
8515,698	16,000
8523,698	21,000
8531,699	17,000
8539,699	20,000
8547,699	19,000
8555,699	17,000
8563,699	25,000
8571,699	18,000
8579,700	17,000
8587,700	13,000
8595,700	17,000
8603,700	22,000
8611,700	17,000
8619,700	23,000
8627,701	14,000
8635,701	27,000
8643,701	14,000
8651,701	22,000
8659,701	21,000
8667,701	26,000
8675,702	27,000
8683,702	18,000
8691,702	18,000
8699,702	14,000
8707,702	18,000
8715,702	21,000
8723,703	24,000
8731,703	26,000
8739,703	20,000
8747,703	19,000
8755,703	28,000
8763,703	35,000
8771,704	36,000
8779,704	31,000
8787,704	27,000
8795,704	42,000
8803,704	54,000
8811,704	31,000
8819,705	38,000
8827,705	45,000
8835,705	42,000
8843,705	50,000
8851,705	54,000
8859,705	46,000
8867,706	62,000
8875,706	51,000
8883,706	50,000
8891,706	65,000
8899,706	68,000
8907,706	68,000
8915,707	76,000
8923,707	65,000
8931,707	58,000
8939,707	92,000
8947,707	67,000
8955,707	78,000
8963,708	85,000
8971,708	70,000
8979,708	72,000
8987,708	67,000
8995,708	62,000
9003,708	87,000
9011,709	78,000
9019,709	63,000
9027,709	43,000
9035,709	62,000
9043,709	64,000
9051,709	67,000
9059,710	60,000
9067,710	37,000
9075,710	55,000
9083,710	45,000
9091,710	48,000
9099,710	34,000
9107,711	40,000
9115,711	25,000
9123,711	34,000
9131,711	31,000
9139,711	33,000
9147,711	22,000
9155,712	17,000
9163,712	21,000
9171,712	12,000
9179,712	24,000
9187,712	16,000
9195,712	19,000
9203,713	12,000
9211,713	11,000
9219,713	9,000
9227,713	5,000
9235,713	14,000
9243,713	9,000
9251,714	6,000
9259,714	6,000
9267,714	4,000
9275,714	4,000
9283,714	10,000
9291,714	6,000
9299,715	2,000
9307,715	8,000
9315,715	8,000
9323,715	5,000
9331,715	7,000
9339,715	10,000
9347,716	12,000
9355,716	10,000
9363,716	6,000
9371,716	5,000
9379,716	11,000
9387,716	12,000
9395,717	5,000
9403,717	3,000
9411,717	4,000
9419,717	6,000
9427,717	7,000
9435,717	10,000
9443,718	4,000
9451,718	7,000
9459,718	12,000
9467,718	3,000
9475,718	6,000
9483,718	3,000
9491,719	8,000
9499,719	7,000
9507,719	7,000
9515,719	2,000
9523,719	4,000
9531,719	5,000
9539,720	6,000
9547,720	8,000
9555,720	7,000
9563,720	7,000
9571,720	6,000
9579,720	10,000
9587,721	8,000
9595,721	2,000
9603,721	5,000
9611,721	4,000
9619,721	5,000
9627,721	9,000
9635,722	9,000
9643,722	8,000
9651,722	4,000
9659,722	5,000
9667,722	5,000
9675,722	6,000
9683,723	6,000
9691,723	11,000
9699,723	12,000
9707,723	11,000
9715,723	17,000
9723,723	13,000
9731,724	8,000
9739,724	13,000
9747,724	11,000
9755,724	14,000
9763,724	5,000
9771,724	10,000
9779,725	11,000
9787,725	11,000
9795,725	20,000
9803,725	18,000
9811,725	16,000
9819,725	20,000
9827,726	19,000
9835,726	18,000
9843,726	16,000
9851,726	17,000
9859,726	12,000
9867,726	22,000
9875,727	12,000
9883,727	29,000
9891,727	20,000
9899,727	30,000
9907,727	29,000
9915,727	28,000
9923,728	27,000
9931,728	23,000
9939,728	29,000
9947,728	13,000
9955,728	26,000
9963,728	29,000
9971,729	13,000
9979,729	28,000
9987,729	23,000
9995,729	27,000
10003,729	23,000
10011,729	22,000
10019,730	26,000
10027,730	22,000
10035,730	19,000
10043,730	21,000
10051,730	20,000
10059,730	13,000
10067,731	12,000
10075,731	18,000
10083,731	18,000
10091,731	8,000
10099,731	15,000
10107,731	13,000
10115,732	11,000
10123,732	10,000
10131,732	10,000
10139,732	8,000
10147,732	10,000
10155,732	5,000
10163,733	7,000
10171,733	7,000
10179,733	7,000
10187,733	6,000
10195,733	4,000
10203,733	5,000
10211,734	11,000
10219,734	4,000
10227,734	3,000
10235,734	3,000
10243,734	4,000
10251,734	4,000
10259,735	3,000
10267,735	2,000
10275,735	3,000
10283,735	1,000
10291,735	3,000
10299,735	2,000
10307,736	4,000
10315,736	0,000
10323,736	1,000
10331,736	1,000
10339,736	8,000
10347,736	2,000
10355,737	0,000
10363,737	5,000
10371,737	4,000
10379,737	6,000
10387,737	2,000
10395,737	5,000
10403,738	0,000
10411,738	3,000
10419,738	2,000
10427,738	6,000
10435,738	5,000
10443,738	3,000
10451,739	5,000
10459,739	2,000
10467,739	2,000
10475,739	3,000
10483,739	2,000
10491,739	2,000
10499,740	3,000
10507,740	3,000
10515,740	2,000
10523,740	4,000
10531,740	2,000
10539,740	2,000
10547,741	3,000
10555,741	4,000
10563,741	4,000
10571,741	1,000
10579,741	4,000
10587,741	2,000
10595,742	4,000
10603,742	4,000
10611,742	5,000
10619,742	2,000
10627,742	1,000
10635,742	1,000
10643,743	6,000
10651,743	3,000
10659,743	2,000
10667,743	4,000
10675,743	1,000
10683,743	6,000
10691,744	2,000
10699,744	4,000
10707,744	1,000
10715,744	3,000
10723,744	4,000
10731,744	4,000
10739,745	4,000
10747,745	1,000
10755,745	2,000
10763,745	5,000
10771,745	2,000
10779,745	4,000
10787,746	3,000
10795,746	3,000
10803,746	4,000
10811,746	4,000
10819,746	8,000
10827,746	7,000
10835,747	10,000
10843,747	4,000
10851,747	3,000
10859,747	9,000
10867,747	6,000
10875,747	6,000
10883,748	5,000
10891,748	6,000
10899,748	5,000
10907,748	11,000
10915,748	14,000
10923,748	8,000
10931,749	4,000
10939,749	5,000
10947,749	8,000
10955,749	7,000
10963,749	9,000
10971,749	6,000
10979,750	3,000
10987,750	5,000
10995,750	8,000
11003,750	8,000
11011,750	6,000
11019,750	6,000
11027,751	6,000
11035,751	3,000
11043,751	7,000
11051,751	6,000
11059,751	6,000
11067,751	4,000
11075,752	6,000
11083,752	2,000
11091,752	6,000
11099,752	2,000
11107,752	3,000
11115,752	2,000
11123,753	8,000
11131,753	10,000
11139,753	2,000
11147,753	2,000
11155,753	3,000
11163,753	1,000
11171,754	3,000
11179,754	3,000
11187,754	3,000
11195,754	1,000
11203,754	3,000
11211,754	2,000
11219,755	1,000
11227,755	3,000
11235,755	0,000
11243,755	3,000
11251,755	2,000
11259,755	0,000
11267,756	2,000
11275,756	3,000
11283,756	1,000
11291,756	0,000
11299,756	0,000
11307,756	2,000
11315,757	0,000
11323,757	0,000
11331,757	0,000
11339,757	1,000
11347,757	1,000
11355,757	0,000
11363,758	1,000
11371,758	1,000
11379,758	0,000
11387,758	0,000
11395,758	0,000
11403,758	1,000
11411,759	0,000
11419,759	0,000
11427,759	0,000
11435,759	4,000
11443,759	1,000
11451,759	0,000
11459,760	0,000
11467,760	1,000
11475,760	1,000
11483,760	1,000
11491,760	1,000
11499,760	0,000
11507,761	1,000
11515,761	1,000
11523,761	1,000
11531,761	0,000
11539,761	0,000
11547,761	0,000
11555,762	0,000
11563,762	1,000
11571,762	2,000
11579,762	0,000
11587,762	0,000
11595,762	2,000
11603,763	0,000
11611,763	0,000
11619,763	0,000
11627,763	0,000
11635,763	0,000
11643,763	1,000
11651,764	0,000
11659,764	0,000
11667,764	1,000
11675,764	1,000
11683,764	0,000
11691,764	1,000
11699,765	1,000
11707,765	1,000
11715,765	1,000
11723,765	1,000
11731,765	1,000
11739,765	0,000
11747,766	1,000
11755,766	1,000
11763,766	0,000
11771,766	1,000
11779,766	1,000
11787,766	1,000
11795,767	1,000
11803,767	0,000
11811,767	3,000
11819,767	2,000
11827,767	2,000
11835,767	2,000
11843,768	1,000
11851,768	1,000
11859,768	3,000
11867,768	2,000
11875,768	0,000
11883,768	2,000
11891,769	1,000
11899,769	1,000
11907,769	1,000
11915,769	1,000
11923,769	2,000
11931,769	1,000
11939,770	2,000
11947,770	1,000
11955,770	1,000
11963,770	6,000
11971,770	2,000
11979,770	1,000
11987,771	1,000
11995,771	1,000
12003,771	1,000
12011,771	1,000
12019,771	2,000
12027,771	1,000
12035,772	4,000
12043,772	2,000
12051,772	2,000
12059,772	0,000
12067,772	1,000
12075,772	0,000
12083,773	0,000
12091,773	4,000
12099,773	2,000
12107,773	1,000
12115,773	0,000
12123,773	2,000
12131,774	1,000
12139,774	0,000
12147,774	0,000
12155,774	2,000
12163,774	1,000
12171,774	1,000
12179,775	0,000
12187,775	0,000
12195,775	1,000
12203,775	0,000
12211,775	0,000
12219,775	0,000
12227,776	0,000
12235,776	0,000
12243,776	0,000
12251,776	0,000
12259,776	0,000
12267,776	0,000
12275,777	0,000
12283,777	1,000
12291,777	1,000
12299,777	1,000
12307,777	0,000
12315,777	1,000
12323,778	0,000
12331,778	0,000
12339,778	0,000
12347,778	0,000
12355,778	0,000
12363,778	0,000
12371,779	1,000
12379,779	0,000
12387,779	0,000
12395,779	1,000
12403,779	0,000
12411,779	0,000
12419,780	0,000
12427,780	0,000
12435,780	0,000
12443,780	0,000
12451,780	0,000
12459,780	1,000
12467,781	1,000
12475,781	0,000
12483,781	1,000
12491,781	0,000
12499,781	1,000
12507,781	0,000
12515,782	0,000
12523,782	0,000
12531,782	0,000
12539,782	0,000
12547,782	0,000
12555,782	0,000
12563,783	0,000
12571,783	0,000
12579,783	1,000
12587,783	0,000
12595,783	0,000
12603,783	0,000
12611,784	0,000
12619,784	0,000
12627,784	1,000
12635,784	1,000
12643,784	0,000
12651,784	0,000
12659,785	0,000
12667,785	0,000
12675,785	0,000
12683,785	1,000
12691,785	0,000
12699,785	1,000
12707,786	0,000
12715,786	0,000
12723,786	0,000
12731,786	1,000
12739,786	0,000
12747,786	0,000
12755,787	0,000
12763,787	1,000
12771,787	0,000
12779,787	0,000
12787,787	0,000
12795,787	1,000
12803,788	1,000
12811,788	3,000
12819,788	1,000
12827,788	0,000
12835,788	1,000
12843,788	2,000
12851,789	0,000
12859,789	0,000
12867,789	1,000
12875,789	0,000
12883,789	1,000
12891,789	0,000
12899,790	0,000
12907,790	2,000
12915,790	0,000
12923,790	0,000
12931,790	0,000
12939,790	0,000
12947,791	1,000
12955,791	1,000
12963,791	0,000
12971,791	1,000
12979,791	0,000
12987,791	0,000
12995,792	1,000
13003,792	0,000
13011,792	0,000
13019,792	0,000
13027,792	0,000
13035,792	0,000
13043,793	2,000
13051,793	0,000
13059,793	0,000
13067,793	1,000
13075,793	2,000
13083,793	0,000
13091,794	0,000
13099,794	0,000
13107,794	1,000
13115,794	0,000
13123,794	0,000
13131,794	1,000
13139,795	0,000
13147,795	1,000
13155,795	0,000
13163,795	0,000
13171,795	1,000
13179,795	0,000
13187,796	0,000
13195,796	1,000
13203,796	0,000
13211,796	2,000
13219,796	0,000
13227,796	0,000
13235,797	0,000
13243,797	0,000
13251,797	0,000
13259,797	0,000
13267,797	0,000
13275,797	0,000
13283,798	0,000
13291,798	0,000
13299,798	0,000
13307,798	0,000
13315,798	0,000
13323,798	0,000
13331,799	0,000
13339,799	0,000
13347,799	0,000
13355,799	0,000
13363,799	0,000
13371,799	0,000
13379,800	0,000
13387,800	0,000
13395,800	0,000
13403,800	1,000
13411,800	0,000
13419,800	0,000
13427,801	0,000
13435,801	0,000
13443,801	0,000
13451,801	0,000
13459,801	0,000
13467,801	0,000
13475,802	0,000
13483,802	0,000
13491,802	0,000
13499,802	0,000
13507,802	0,000
13515,802	0,000
13523,803	0,000
13531,803	1,000
13539,803	0,000
13547,803	0,000
13555,803	1,000
13563,803	0,000
13571,804	0,000
13579,804	0,000
13587,804	0,000
13595,804	1,000
13603,804	0,000
13611,804	0,000
13619,805	0,000
13627,805	0,000
13635,805	0,000
13643,805	0,000
13651,805	0,000
13659,805	0,000
13667,806	0,000
13675,806	0,000
13683,806	0,000
13691,806	0,000
13699,806	0,000
13707,806	0,000
13715,807	0,000
13723,807	0,000
13731,807	0,000
13739,807	0,000
13747,807	0,000
13755,807	1,000
13763,808	0,000
13771,808	0,000
13779,808	0,000
13787,808	0,000
13795,808	0,000
13803,808	0,000
13811,809	0,000
13819,809	0,000
13827,809	0,000
13835,809	0,000
13843,809	1,000
13851,809	0,000
13859,810	0,000
13867,810	0,000
13875,810	0,000
13883,810	0,000
13891,810	0,000
13899,810	0,000
13907,811	0,000
13915,811	0,000
13923,811	0,000
13931,811	0,000
13939,811	1,000
13947,811	0,000
13955,812	0,000
13963,812	0,000
13971,812	0,000
13979,812	0,000
13987,812	1,000
13995,812	0,000
14003,813	0,000
14011,813	0,000
14019,813	0,000
14027,813	1,000
14035,813	0,000
14043,813	0,000
14051,814	0,000
14059,814	0,000
14067,814	1,000
14075,814	0,000
14083,814	0,000
14091,814	0,000
14099,815	0,000
14107,815	0,000
14115,815	0,000
14123,815	1,000
14131,815	0,000
14139,815	0,000
14147,816	0,000
14155,816	0,000
14163,816	1,000
14171,816	0,000
14179,816	0,000
14187,816	0,000
14195,817	0,000
14203,817	0,000
14211,817	1,000
14219,817	0,000
14227,817	0,000
14235,817	0,000
14243,818	0,000
14251,818	0,000
14259,818	0,000
14267,818	0,000
14275,818	0,000
14283,818	0,000
14291,819	0,000
14299,819	0,000
14307,819	0,000
14315,819	0,000
14323,819	0,000
14331,819	0,000
14339,820	0,000
14347,820	0,000
14355,820	0,000
14363,820	0,000
14371,820	0,000
14379,820	0,000
14387,821	0,000
14395,821	0,000
14403,821	0,000
14411,821	0,000
14419,821	0,000
14427,821	0,000
14435,822	0,000
14443,822	0,000
14451,822	0,000
14459,822	0,000
14467,822	0,000
14475,822	0,000
14483,823	0,000
14491,823	0,000
14499,823	0,000
14507,823	0,000
14515,823	0,000
14523,823	0,000
14531,824	0,000
14539,824	0,000
14547,824	0,000
14555,824	0,000
14563,824	0,000
14571,824	1,000
14579,825	0,000
14587,825	0,000
14595,825	0,000
14603,825	0,000
14611,825	0,000
14619,825	0,000
14627,826	0,000
14635,826	0,000
14643,826	0,000
14651,826	0,000
14659,826	0,000
14667,826	0,000
14675,827	0,000
14683,827	0,000
14691,827	0,000
14699,827	0,000
14707,827	0,000
14715,827	0,000
14723,828	0,000
14731,828	0,000
14739,828	0,000
14747,828	0,000
14755,828	0,000
14763,828	0,000
14771,829	0,000
14779,829	0,000
14787,829	0,000
14795,829	0,000
14803,829	0,000
14811,829	0,000
14819,830	0,000
14827,830	0,000
14835,830	0,000
14843,830	0,000
14851,830	0,000
14859,830	0,000
14867,831	1,000
14875,831	0,000
14883,831	0,000
14891,831	0,000
14899,831	0,000
14907,831	0,000
14915,832	0,000
14923,832	0,000
14931,832	0,000
14939,832	0,000
14947,832	2,000
14955,832	0,000
14963,833	0,000
14971,833	0,000
14979,833	0,000
14987,833	0,000
14995,833	0,000
15003,833	0,000
15011,834	0,000
15019,834	0,000
15027,834	0,000
15035,834	1,000
15043,834	0,000
15051,834	0,000
15059,835	0,000
15067,835	0,000
15075,835	0,000
15083,835	0,000
15091,835	0,000
15099,835	0,000
15107,836	0,000
15115,836	0,000
15123,836	0,000
15131,836	0,000
15139,836	0,000
15147,836	0,000
15155,837	0,000
15163,837	0,000
15171,837	0,000
15179,837	0,000
15187,837	0,000
15195,837	0,000
15203,838	0,000
15211,838	0,000
15219,838	0,000
15227,838	0,000
15235,838	0,000
15243,838	0,000
15251,839	0,000
15259,839	0,000
15267,839	0,000
15275,839	0,000
15283,839	0,000
15291,839	0,000
15299,840	0,000
15307,840	0,000
15315,840	0,000
15323,840	0,000
15331,840	0,000
15339,840	0,000
15347,841	0,000
15355,841	0,000
15363,841	0,000
15371,841	0,000
15379,841	0,000
15387,841	0,000
15395,842	0,000
15403,842	0,000
15411,842	0,000
15419,842	0,000
15427,842	0,000
15435,842	1,000
15443,843	0,000
15451,843	0,000
15459,843	0,000
15467,843	0,000
15475,843	0,000
15483,843	0,000
15491,844	0,000
15499,844	0,000
15507,844	0,000
15515,844	0,000
15523,844	0,000
15531,844	0,000
15539,845	0,000
15547,845	0,000
15555,845	0,000
15563,845	0,000
15571,845	0,000
15579,845	0,000
15587,846	0,000
15595,846	0,000
15603,846	0,000
15611,846	0,000
15619,846	0,000
15627,846	0,000
15635,847	0,000
15643,847	0,000
15651,847	0,000
15659,847	0,000
15667,847	0,000
15675,847	0,000
15683,848	0,000
15691,848	0,000
15699,848	0,000
15707,848	0,000
15715,848	0,000
15723,848	0,000
15731,849	0,000
15739,849	0,000
15747,849	0,000
15755,849	0,000
15763,849	0,000
15771,849	0,000
15779,850	0,000
15787,850	0,000
15795,850	0,000
15803,850	0,000
15811,850	0,000
15819,850	0,000
15827,851	0,000
15835,851	0,000
15843,851	0,000
15851,851	0,000
15859,851	0,000
15867,851	0,000
15875,852	0,000
15883,852	0,000
15891,852	0,000
15899,852	0,000
15907,852	0,000
15915,852	0,000
15923,853	0,000
15931,853	0,000
15939,853	0,000
15947,853	0,000
15955,853	0,000
15963,853	0,000
15971,854	0,000
15979,854	0,000
15987,854	0,000
15995,854	0,000
16003,854	0,000
16011,854	0,000
16019,855	0,000
16027,855	0,000
16035,855	0,000
16043,855	0,000
16051,855	0,000
16059,855	0,000
16067,856	0,000
16075,856	0,000
16083,856	0,000
16091,856	0,000
16099,856	0,000
16107,856	0,000
16115,857	0,000
16123,857	0,000
16131,857	0,000
16139,857	0,000
16147,857	0,000
16155,857	0,000
16163,858	0,000
16171,858	0,000
16179,858	0,000
16187,858	0,000
16195,858	0,000
16203,858	0,000
16211,859	0,000
16219,859	0,000
16227,859	0,000
16235,859	0,000
16243,859	0,000
16251,859	0,000
16259,860	0,000
16267,860	0,000
16275,860	0,000
16283,860	0,000
16291,860	0,000
16299,860	0,000
16307,861	0,000
16315,861	0,000
16323,861	0,000
16331,861	0,000
16339,861	0,000
16347,861	0,000
16355,862	0,000
16363,862	0,000
16371,862	0,000
16379,862	0,000
16387,862	0,000
16395,862	0,000
16403,863	0,000
16411,863	0,000
16419,863	0,000
16427,863	0,000
16435,863	0,000
16443,863	0,000
16451,864	0,000
16459,864	0,000
16467,864	0,000
16475,864	0,000
16483,864	0,000
16491,864	0,000
16499,865	0,000
16507,865	0,000
16515,865	0,000
16523,865	0,000
16531,865	0,000
16539,865	0,000
16547,866	0,000
16555,866	0,000
16563,866	0,000
16571,866	0,000
16579,866	0,000
16587,866	0,000
16595,867	0,000
16603,867	0,000
16611,867	0,000
16619,867	0,000
16627,867	0,000
16635,867	0,000
16643,868	0,000
16651,868	0,000
16659,868	0,000
16667,868	0,000
16675,868	0,000
16683,868	0,000
16691,869	0,000
16699,869	0,000
16707,869	0,000
16715,869	0,000
16723,869	0,000
16731,869	0,000
16739,870	0,000
16747,870	0,000
16755,870	0,000
16763,870	0,000
16771,870	0,000
16779,870	0,000
16787,871	0,000
16795,871	0,000
16803,871	0,000
16811,871	0,000
16819,871	0,000
16827,871	0,000
16835,872	0,000
16843,872	0,000
16851,872	0,000
16859,872	0,000
16867,872	0,000
16875,872	0,000
16883,873	0,000
16891,873	0,000
16899,873	0,000
16907,873	0,000
16915,873	0,000
16923,873	0,000
16931,874	0,000
16939,874	0,000
16947,874	0,000
16955,874	0,000
16963,874	0,000
16971,874	0,000
16979,875	0,000
16987,875	0,000
16995,875	0,000
17003,875	0,000
17011,875	0,000
17019,875	0,000
17027,876	0,000
17035,876	0,000
17043,876	0,000
17051,876	0,000
17059,876	0,000
17067,876	0,000
17075,877	0,000
17083,877	0,000
17091,877	0,000
17099,877	0,000
17107,877	0,000
17115,877	0,000
17123,878	0,000
17131,878	0,000
17139,878	0,000
17147,878	0,000
17155,878	0,000
17163,878	0,000
17171,879	0,000
17179,879	0,000
17187,879	0,000
17195,879	0,000
17203,879	0,000
17211,879	0,000
17219,880	0,000
17227,880	0,000
17235,880	0,000
17243,880	0,000
17251,880	0,000
17259,880	0,000
17267,881	0,000
17275,881	0,000
17283,881	0,000
17291,881	0,000
17299,881	0,000
17307,881	0,000
17315,882	0,000
17323,882	0,000
17331,882	0,000
17339,882	0,000
17347,882	0,000
17355,882	0,000
17363,883	0,000
17371,883	0,000
17379,883	0,000
17387,883	0,000
17395,883	0,000
17403,883	0,000
17411,884	0,000
17419,884	0,000
17427,884	0,000
17435,884	0,000
17443,884	0,000
17451,884	0,000
17459,885	0,000
17467,885	0,000
17475,885	0,000
17483,885	0,000
17491,885	0,000
17499,885	0,000
17507,886	0,000
17515,886	0,000
17523,886	0,000
17531,886	0,000
17539,886	0,000
17547,886	0,000
17555,887	0,000
17563,887	0,000
17571,887	0,000
17579,887	0,000
17587,887	0,000
17595,887	0,000
17603,888	0,000
17611,888	0,000
17619,888	0,000
17627,888	0,000
17635,888	0,000
17643,888	0,000
17651,889	0,000
17659,889	0,000
17667,889	0,000
17675,889	0,000
17683,889	0,000
17691,889	0,000
17699,890	0,000
17707,890	0,000
17715,890	0,000
17723,890	0,000
17731,890	0,000
17739,890	0,000
17747,891	0,000
17755,891	0,000
17763,891	0,000
17771,891	0,000
17779,891	0,000
17787,891	0,000
17795,892	0,000
17803,892	0,000
17811,892	0,000
17819,892	0,000
17827,892	0,000
17835,892	0,000
17843,893	0,000
17851,893	0,000
17859,893	0,000
17867,893	0,000
17875,893	0,000
17883,893	0,000
17891,894	0,000
17899,894	0,000
17907,894	0,000
17915,894	0,000
17923,894	0,000
17931,894	0,000
17939,895	0,000
17947,895	0,000
17955,895	0,000
17963,895	0,000
17971,895	0,000
17979,895	0,000
17987,896	0,000
17995,896	0,000
18003,896	0,000
18011,896	0,000
18019,896	0,000
18027,896	0,000
18035,897	0,000
18043,897	0,000
18051,897	0,000
18059,897	0,000
18067,897	0,000
18075,897	0,000
18083,898	0,000
18091,898	0,000
18099,898	0,000
18107,898	0,000
18115,898	0,000
18123,898	0,000
18131,899	0,000
18139,899	0,000
18147,899	0,000
18155,899	0,000
18163,899	0,000
18171,899	0,000
18179,900	0,000
18187,900	0,000
18195,900	0,000
18203,900	0,000
18211,900	0,000
18219,900	0,000
18227,901	0,000
18235,901	0,000
18243,901	0,000
18251,901	0,000
18259,901	0,000
18267,901	0,000
18275,902	0,000
18283,902	0,000
18291,902	0,000
18299,902	0,000
18307,902	0,000
18315,902	0,000
18323,903	0,000
18331,903	0,000
18339,903	0,000
18347,903	0,000
18355,903	0,000
18363,903	0,000
18371,904	0,000
18379,904	0,000
18387,904	0,000
18395,904	0,000
18403,904	0,000
18411,904	0,000
18419,905	0,000
18427,905	0,000
18435,905	0,000
18443,905	0,000
18451,905	0,000
18459,905	0,000
18467,906	0,000
18475,906	0,000
18483,906	0,000
18491,906	0,000
18499,906	0,000
18507,906	0,000
18515,907	0,000
18523,907	0,000
18531,907	0,000
18539,907	0,000
18547,907	0,000
18555,907	0,000
18563,908	0,000
18571,908	0,000
18579,908	0,000
18587,908	0,000
18595,908	0,000
18603,908	0,000
18611,909	0,000
18619,909	0,000
18627,909	0,000
18635,909	0,000
18643,909	0,000
18651,909	0,000
18659,910	0,000
18667,910	0,000
18675,910	0,000
18683,910	0,000
18691,910	0,000
18699,910	0,000
18707,911	0,000
18715,911	0,000
18723,911	0,000
18731,911	0,000
18739,911	0,000
18747,911	0,000
18755,912	0,000
18763,912	0,000
18771,912	0,000
18779,912	0,000
18787,912	0,000
18795,912	0,000
18803,913	0,000
18811,913	0,000
18819,913	0,000
18827,913	0,000
18835,913	0,000
18843,913	0,000
18851,914	0,000
18859,914	0,000
18867,914	0,000
18875,914	0,000
18883,914	0,000
18891,914	0,000
18899,915	0,000
18907,915	0,000
18915,915	0,000
18923,915	0,000
18931,915	0,000
18939,915	0,000
18947,916	0,000
18955,916	0,000
18963,916	0,000
18971,916	0,000
18979,916	0,000
18987,916	0,000
18995,917	0,000
19003,917	0,000
19011,917	0,000
19019,917	0,000
19027,917	0,000
19035,917	0,000
19043,918	0,000
19051,918	0,000
19059,918	0,000
19067,918	0,000
19075,918	0,000
19083,918	0,000
19091,919	0,000
19099,919	0,000
19107,919	0,000
19115,919	0,000
19123,919	0,000
19131,919	0,000
19139,920	0,000
19147,920	0,000
19155,920	0,000
19163,920	0,000
19171,920	0,000
19179,920	0,000
19187,921	0,000
19195,921	0,000
19203,921	0,000
19211,921	0,000
19219,921	0,000
19227,921	0,000
19235,922	0,000
19243,922	0,000
19251,922	0,000
19259,922	0,000
19267,922	0,000
19275,922	0,000
19283,923	0,000
19291,923	0,000
19299,923	0,000
19307,923	0,000
19315,923	0,000
19323,923	0,000
19331,924	0,000
19339,924	0,000
19347,924	0,000
19355,924	0,000
19363,924	0,000
19371,924	0,000
19379,925	0,000
19387,925	0,000
19395,925	0,000
19403,925	0,000
19411,925	0,000
19419,925	0,000
19427,926	0,000
19435,926	0,000
19443,926	0,000
19451,926	0,000
19459,926	0,000
19467,926	0,000
19475,927	0,000
19483,927	0,000
19491,927	0,000
19499,927	0,000
19507,927	0,000
19515,927	0,000
19523,928	0,000
19531,928	0,000
19539,928	0,000
19547,928	0,000
19555,928	0,000
19563,928	0,000
19571,929	0,000
19579,929	0,000
19587,929	0,000
19595,929	0,000
19603,929	0,000
19611,929	0,000
19619,930	0,000
19627,930	0,000
19635,930	0,000
19643,930	0,000
19651,930	0,000
19659,930	0,000
19667,931	0,000
19675,931	0,000
19683,931	0,000
19691,931	0,000
19699,931	0,000
19707,931	0,000
19715,932	0,000
19723,932	0,000
19731,932	0,000
19739,932	0,000
19747,932	0,000
19755,932	0,000
19763,933	0,000
19771,933	0,000
19779,933	0,000
19787,933	0,000
19795,933	0,000
19803,933	0,000
19811,934	0,000
19819,934	0,000
19827,934	0,000
19835,934	0,000
19843,934	0,000
19851,934	0,000
19859,935	0,000
19867,935	0,000
19875,935	0,000
19883,935	0,000
19891,935	0,000
19899,935	0,000
19907,936	0,000
19915,936	0,000
19923,936	0,000
19931,936	0,000
19939,936	0,000
19947,936	0,000
19955,937	0,000
19963,937	0,000
19971,937	0,000
19979,937	0,000
19987,937	0,000
19995,937	0,000
20003,938	0,000
20011,938	0,000
20019,938	0,000
20027,938	0,000
20035,938	0,000
20043,938	0,000
20051,939	0,000
20059,939	0,000
20067,939	0,000
20075,939	0,000
20083,939	0,000
20091,939	0,000
20099,940	0,000
20107,940	0,000
20115,940	0,000
20123,940	0,000
20131,940	0,000
20139,940	0,000
20147,941	0,000
20155,941	0,000
20163,941	0,000
20171,941	0,000
20179,941	0,000
20187,941	0,000
20195,942	0,000
20203,942	0,000
20211,942	0,000
20219,942	0,000
20227,942	0,000
20235,942	0,000
20243,943	0,000
20251,943	0,000
20259,943	0,000
20267,943	0,000
20275,943	0,000
20283,943	0,000
20291,944	0,000
20299,944	0,000
20307,944	0,000
20315,944	0,000
20323,944	0,000
20331,944	0,000
20339,945	0,000
20347,945	0,000
20355,945	0,000
20363,945	0,000
20371,945	0,000
20379,945	0,000
20387,946	0,000
20395,946	0,000
20403,946	0,000
20411,946	0,000
20419,946	0,000
20427,946	0,000
20435,947	0,000
20443,947	0,000
20451,947	0,000
20459,947	0,000
20467,947	0,000
20475,947	0,000
20483,948	0,000
20491,948	0,000
20499,948	0,000
20507,948	0,000
20515,948	0,000
20523,948	0,000
20531,949	0,000
20539,949	0,000
20547,949	0,000
20555,949	0,000
20563,949	0,000
20571,949	0,000
20579,950	0,000
20587,950	0,000
20595,950	0,000
20603,950	0,000
20611,950	0,000
20619,950	0,000
20627,951	0,000
20635,951	0,000
20643,951	0,000
20651,951	0,000
20659,951	0,000
20667,951	0,000
20675,952	0,000
20683,952	0,000
20691,952	0,000
20699,952	0,000
20707,952	0,000
20715,952	0,000
20723,953	0,000
20731,953	0,000
20739,953	0,000
20747,953	0,000
20755,953	0,000
20763,953	0,000
20771,954	0,000
20779,954	0,000
20787,954	0,000
20795,954	0,000
20803,954	0,000
20811,954	0,000
20819,955	0,000
20827,955	0,000
20835,955	0,000
20843,955	0,000
20851,955	0,000
20859,955	0,000
20867,956	0,000
20875,956	0,000
20883,956	0,000
20891,956	0,000
20899,956	0,000
20907,956	0,000
20915,957	0,000
20923,957	0,000
20931,957	0,000
20939,957	0,000
20947,957	0,000
20955,957	0,000
20963,958	0,000
20971,958	0,000
20979,958	0,000
20987,958	0,000
20995,958	0,000
21003,958	0,000
21011,959	0,000
21019,959	0,000
21027,959	0,000
21035,959	0,000
21043,959	0,000
21051,959	0,000
21059,960	0,000
21067,960	0,000
21075,960	0,000
21083,960	0,000
21091,960	0,000
21099,960	0,000
21107,961	0,000
21115,961	0,000
21123,961	0,000
21131,961	0,000
21139,961	0,000
21147,961	0,000
21155,962	0,000
21163,962	0,000
21171,962	0,000
21179,962	0,000
21187,962	0,000
21195,962	0,000
21203,963	0,000
21211,963	0,000
21219,963	0,000
21227,963	0,000
21235,963	0,000
21243,963	0,000
21251,964	0,000
21259,964	0,000
21267,964	0,000
21275,964	0,000
21283,964	0,000
21291,964	0,000
21299,965	0,000
21307,965	0,000
21315,965	0,000
21323,965	0,000
21331,965	0,000
21339,965	0,000
21347,966	0,000
21355,966	0,000
21363,966	0,000
21371,966	0,000
21379,966	0,000
21387,966	0,000
21395,967	0,000
21403,967	0,000
21411,967	0,000
21419,967	0,000
21427,967	0,000
21435,967	0,000
21443,968	0,000
21451,968	0,000
21459,968	0,000
21467,968	0,000
21475,968	0,000
21483,968	0,000
21491,969	0,000
21499,969	0,000
21507,969	0,000
21515,969	0,000
21523,969	0,000
21531,969	0,000
21539,970	0,000
21547,970	0,000
21555,970	0,000
21563,970	0,000
21571,970	0,000
21579,970	0,000
21587,971	0,000
21595,971	0,000
21603,971	0,000
21611,971	0,000
21619,971	0,000
21627,971	0,000
21635,972	0,000
21643,972	0,000
21651,972	0,000
21659,972	0,000
21667,972	0,000
21675,972	0,000
21683,973	0,000
21691,973	0,000
21699,973	0,000
21707,973	0,000
21715,973	0,000
21723,973	0,000
21731,974	0,000
21739,974	0,000
21747,974	0,000
21755,974	0,000
21763,974	0,000
21771,974	0,000
21779,975	0,000
21787,975	0,000
21795,975	0,000
21803,975	0,000
21811,975	0,000
21819,975	0,000
21827,976	0,000
21835,976	0,000
21843,976	0,000
21851,976	0,000
21859,976	0,000
21867,976	0,000
21875,977	0,000
21883,977	0,000
21891,977	0,000
21899,977	0,000
21907,977	0,000
21915,977	0,000
21923,978	0,000
21931,978	0,000
21939,978	0,000
21947,978	0,000
21955,978	0,000
21963,978	0,000
21971,979	0,000
21979,979	0,000
21987,979	0,000
21995,979	0,000
22003,979	0,000
22011,979	0,000
22019,980	0,000
22027,980	0,000
22035,980	0,000
22043,980	0,000
22051,980	0,000
22059,980	0,000
22067,981	0,000
22075,981	0,000
22083,981	0,000
22091,981	0,000
22099,981	0,000
22107,981	0,000
22115,982	0,000
22123,982	0,000
22131,982	0,000
22139,982	0,000
22147,982	0,000
22155,982	0,000
22163,983	0,000
22171,983	0,000
22179,983	0,000
22187,983	0,000
22195,983	0,000
22203,983	0,000
22211,984	0,000
22219,984	0,000
22227,984	0,000
22235,984	0,000
22243,984	0,000
22251,984	0,000
22259,985	0,000
22267,985	0,000
22275,985	0,000
22283,985	0,000
22291,985	0,000
22299,985	0,000
22307,986	0,000
22315,986	0,000
22323,986	0,000
22331,986	0,000
22339,986	0,000
22347,986	0,000
22355,987	0,000
22363,987	0,000
22371,987	0,000
22379,987	0,000
22387,987	0,000
22395,987	0,000
22403,988	0,000
22411,988	0,000
22419,988	0,000
22427,988	0,000
22435,988	0,000
22443,988	0,000
22451,989	0,000
22459,989	0,000
22467,989	0,000
22475,989	0,000
22483,989	0,000
22491,989	0,000
22499,990	0,000
22507,990	0,000
22515,990	0,000
22523,990	0,000
22531,990	0,000
22539,990	0,000
22547,991	0,000
22555,991	0,000
22563,991	0,000
22571,991	0,000
22579,991	0,000
22587,991	0,000
22595,992	0,000
22603,992	0,000
22611,992	0,000
22619,992	0,000
22627,992	0,000
22635,992	0,000
22643,993	0,000
22651,993	0,000
22659,993	0,000
22667,993	0,000
22675,993	0,000
22683,993	0,000
22691,994	0,000
22699,994	0,000
22707,994	0,000
22715,994	0,000
22723,994	0,000
22731,994	0,000
22739,995	0,000
22747,995	0,000
22755,995	0,000
22763,995	0,000
22771,995	0,000
22779,995	0,000
22787,996	0,000
22795,996	0,000
22803,996	0,000
22811,996	0,000
22819,996	0,000
22827,996	0,000
22835,997	0,000
22843,997	0,000
22851,997	0,000
22859,997	0,000
22867,997	0,000
22875,997	0,000
22883,998	0,000
22891,998	0,000
22899,998	0,000
22907,998	0,000
22915,998	0,000
22923,998	0,000
22931,999	0,000
22939,999	0,000
22947,999	0,000
22955,999	0,000
22963,999	0,000
22971,999	0,000
22980,000	0,000
22988,000	0,000
22996,000	0,000
