-996,500	0,000
-988,500	0,000
-980,500	0,000
-972,499	0,000
-964,499	0,000
-956,499	0,000
-948,499	0,000
-940,499	0,000
-932,499	0,000
-924,498	0,000
-916,498	0,000
-908,498	0,000
-900,498	0,000
-892,498	0,000
-884,498	0,000
-876,497	0,000
-868,497	0,000
-860,497	0,000
-852,497	0,000
-844,497	0,000
-836,497	0,000
-828,496	0,000
-820,496	0,000
-812,496	0,000
-804,496	0,000
-796,496	0,000
-788,496	0,000
-780,495	0,000
-772,495	0,000
-764,495	0,000
-756,495	0,000
-748,495	0,000
-740,495	0,000
-732,494	0,000
-724,494	0,000
-716,494	0,000
-708,494	0,000
-700,494	0,000
-692,494	0,000
-684,493	0,000
-676,493	0,000
-668,493	0,000
-660,493	0,000
-652,493	0,000
-644,493	0,000
-636,492	0,000
-628,492	0,000
-620,492	0,000
-612,492	0,000
-604,492	0,000
-596,492	0,000
-588,491	0,000
-580,491	0,000
-572,491	0,000
-564,491	0,000
-556,491	0,000
-548,491	0,000
-540,490	0,000
-532,490	0,000
-524,490	0,000
-516,490	0,000
-508,490	0,000
-500,490	0,000
-492,489	0,000
-484,489	0,000
-476,489	0,000
-468,489	0,000
-460,489	0,000
-452,489	0,000
-444,488	0,000
-436,488	0,000
-428,488	0,000
-420,488	0,000
-412,488	0,000
-404,488	0,000
-396,487	0,000
-388,487	0,000
-380,487	0,000
-372,487	0,000
-364,487	0,000
-356,487	0,000
-348,486	0,000
-340,486	0,000
-332,486	0,000
-324,486	0,000
-316,486	0,000
-308,486	0,000
-300,485	0,000
-292,485	0,000
-284,485	0,000
-276,485	0,000
-268,485	0,000
-260,485	0,000
-252,484	0,000
-244,484	0,000
-236,484	0,000
-228,484	0,000
-220,484	0,000
-212,484	0,000
-204,483	0,000
-196,483	0,000
-188,483	0,000
-180,483	0,000
-172,483	0,000
-164,483	0,000
-156,482	0,000
-148,482	0,000
-140,482	0,000
-132,482	0,000
-124,482	0,000
-116,482	2,000
-108,481	4,000
-100,481	4,000
-92,481	12,000
-84,481	14,000
-76,481	33,000
-68,481	72,000
-60,480	129,000
-52,480	195,000
-44,480	357,000
-36,480	494,000
-28,480	660,000
-20,480	916,000
-12,479	1048,000
-4,479	1200,000
3,521	1177,000
11,521	1193,000
19,521	1019,000
27,521	822,000
35,522	616,000
43,522	419,000
51,522	319,000
59,522	192,000
67,522	115,000
75,522	70,000
83,523	38,000
91,523	37,000
99,523	14,000
107,523	15,000
115,523	10,000
123,523	4,000
131,524	8,000
139,524	12,000
147,524	8,000
155,524	10,000
163,524	8,000
171,524	7,000
179,525	7,000
187,525	7,000
195,525	8,000
203,525	3,000
211,525	6,000
219,525	5,000
227,526	8,000
235,526	8,000
243,526	3,000
251,526	8,000
259,526	4,000
267,526	6,000
275,527	4,000
283,527	8,000
291,527	3,000
299,527	5,000
307,527	2,000
315,527	7,000
323,528	3,000
331,528	4,000
339,528	3,000
347,528	7,000
355,528	2,000
363,528	4,000
371,529	7,000
379,529	4,000
387,529	2,000
395,529	5,000
403,529	5,000
411,529	3,000
419,530	5,000
427,530	5,000
435,530	4,000
443,530	2,000
451,530	2,000
459,530	1,000
467,531	1,000
475,531	5,000
483,531	1,000
491,531	5,000
499,531	4,000
507,531	1,000
515,532	4,000
523,532	3,000
531,532	2,000
539,532	3,000
547,532	2,000
555,532	4,000
563,533	2,000
571,533	2,000
579,533	2,000
587,533	3,000
595,533	2,000
603,533	5,000
611,534	6,000
619,534	5,000
627,534	5,000
635,534	2,000
643,534	3,000
651,534	1,000
659,535	3,000
667,535	2,000
675,535	5,000
683,535	3,000
691,535	2,000
699,535	3,000
707,536	7,000
715,536	5,000
723,536	3,000
731,536	5,000
739,536	2,000
747,536	1,000
755,537	4,000
763,537	7,000
771,537	6,000
779,537	1,000
787,537	1,000
795,537	4,000
803,538	4,000
811,538	4,000
819,538	11,000
827,538	2,000
835,538	5,000
843,538	4,000
851,539	4,000
859,539	4,000
867,539	3,000
875,539	6,000
883,539	5,000
891,539	8,000
899,540	5,000
907,540	7,000
915,540	1,000
923,540	4,000
931,540	2,000
939,540	7,000
947,541	4,000
955,541	5,000
963,541	2,000
971,541	5,000
979,541	4,000
987,541	6,000
995,542	8,000
1003,542	4,000
1011,542	5,000
1019,542	5,000
1027,542	11,000
1035,542	7,000
1043,543	10,000
1051,543	7,000
1059,543	11,000
1067,543	2,000
1075,543	15,000
1083,543	11,000
1091,544	9,000
1099,544	3,000
1107,544	7,000
1115,544	9,000
1123,544	11,000
1131,544	12,000
1139,545	13,000
1147,545	11,000
1155,545	8,000
1163,545	7,000
1171,545	7,000
1179,545	12,000
1187,546	8,000
1195,546	10,000
1203,546	9,000
1211,546	9,000
1219,546	8,000
1227,546	14,000
1235,547	14,000
1243,547	13,000
1251,547	9,000
1259,547	18,000
1267,547	14,000
1275,547	19,000
1283,548	17,000
1291,548	27,000
1299,548	34,000
1307,548	51,000
1315,548	67,000
1323,548	120,000
1331,549	192,000
1339,549	193,000
1347,549	296,000
1355,549	405,000
1363,549	562,000
1371,549	699,000
1379,550	864,000
1387,550	1067,000
1395,550	1260,000
1403,550	1458,000
1411,550	1728,000
1419,550	1880,000
1427,551	2006,000
1435,551	2395,000
1443,551	2395,000
1451,551	2476,000
1459,551	2511,000
1467,551	2503,000
1475,552	2383,000
1483,552	2155,000
1491,552	2063,000
1499,552	1877,000
1507,552	1613,000
1515,552	1310,000
1523,553	1085,000
1531,553	973,000
1539,553	680,000
1547,553	543,000
1555,553	397,000
1563,553	282,000
1571,554	213,000
1579,554	129,000
1587,554	109,000
1595,554	90,000
1603,554	62,000
1611,554	63,000
1619,555	46,000
1627,555	41,000
1635,555	39,000
1643,555	40,000
1651,555	31,000
1659,555	32,000
1667,556	29,000
1675,556	40,000
1683,556	33,000
1691,556	29,000
1699,556	34,000
1707,556	32,000
1715,557	26,000
1723,557	45,000
1731,557	40,000
1739,557	31,000
1747,557	30,000
1755,557	31,000
1763,558	39,000
1771,558	37,000
1779,558	29,000
1787,558	36,000
1795,558	34,000
1803,558	38,000
1811,559	28,000
1819,559	32,000
1827,559	33,000
1835,559	33,000
1843,559	46,000
1851,559	35,000
1859,560	30,000
1867,560	24,000
1875,560	32,000
1883,560	38,000
1891,560	27,000
1899,560	39,000
1907,561	34,000
1915,561	37,000
1923,561	29,000
1931,561	31,000
1939,561	32,000
1947,561	21,000
1955,562	46,000
1963,562	28,000
1971,562	40,000
1979,562	27,000
1987,562	26,000
1995,562	34,000
2003,563	33,000
2011,563	39,000
2019,563	28,000
2027,563	37,000
2035,563	44,000
2043,563	30,000
2051,564	33,000
2059,564	21,000
2067,564	30,000
2075,564	38,000
2083,564	36,000
2091,564	15,000
2099,565	34,000
2107,565	25,000
2115,565	28,000
2123,565	25,000
2131,565	33,000
2139,565	30,000
2147,566	30,000
2155,566	31,000
2163,566	42,000
2171,566	34,000
2179,566	34,000
2187,566	39,000
2195,567	25,000
2203,567	27,000
2211,567	31,000
2219,567	36,000
2227,567	36,000
2235,567	32,000
2243,568	41,000
2251,568	40,000
2259,568	38,000
2267,568	37,000
2275,568	24,000
2283,568	17,000
2291,569	24,000
2299,569	25,000
2307,569	25,000
2315,569	37,000
2323,569	30,000
2331,569	28,000
2339,570	29,000
2347,570	30,000
2355,570	32,000
2363,570	39,000
2371,570	29,000
2379,570	32,000
2387,571	21,000
2395,571	40,000
2403,571	35,000
2411,571	40,000
2419,571	50,000
2427,571	38,000
2435,572	31,000
2443,572	34,000
2451,572	36,000
2459,572	27,000
2467,572	32,000
2475,572	34,000
2483,573	39,000
2491,573	32,000
2499,573	38,000
2507,573	37,000
2515,573	38,000
2523,573	39,000
2531,574	34,000
2539,574	27,000
2547,574	42,000
2555,574	31,000
2563,574	36,000
2571,574	39,000
2579,575	37,000
2587,575	53,000
2595,575	48,000
2603,575	48,000
2611,575	30,000
2619,575	39,000
2627,576	53,000
2635,576	46,000
2643,576	54,000
2651,576	49,000
2659,576	58,000
2667,576	48,000
2675,577	55,000
2683,577	67,000
2691,577	79,000
2699,577	78,000
2707,577	103,000
2715,577	131,000
2723,578	142,000
2731,578	191,000
2739,578	197,000
2747,578	259,000
2755,578	338,000
2763,578	434,000
2771,579	539,000
2779,579	629,000
2787,579	730,000
2795,579	915,000
2803,579	1069,000
2811,579	1309,000
2819,580	1448,000
2827,580	1708,000
2835,580	2000,000
2843,580	2122,000
2851,580	2535,000
2859,580	2675,000
2867,581	2887,000
2875,581	3113,000
2883,581	3358,000
2891,581	3411,000
2899,581	3501,000
2907,581	3577,000
2915,582	3541,000
2923,582	3372,000
2931,582	3348,000
2939,582	3210,000
2947,582	3038,000
2955,582	2984,000
2963,583	2596,000
2971,583	2426,000
2979,583	2175,000
2987,583	1909,000
2995,583	1582,000
3003,583	1310,000
3011,584	1209,000
3019,584	956,000
3027,584	771,000
3035,584	646,000
3043,584	513,000
3051,584	425,000
3059,585	314,000
3067,585	265,000
3075,585	230,000
3083,585	181,000
3091,585	153,000
3099,585	119,000
3107,586	109,000
3115,586	96,000
3123,586	97,000
3131,586	96,000
3139,586	88,000
3147,586	89,000
3155,587	91,000
3163,587	74,000
3171,587	80,000
3179,587	83,000
3187,587	88,000
3195,587	73,000
3203,588	87,000
3211,588	77,000
3219,588	91,000
3227,588	86,000
3235,588	97,000
3243,588	93,000
3251,589	84,000
3259,589	119,000
3267,589	90,000
3275,589	73,000
3283,589	93,000
3291,589	86,000
3299,590	107,000
3307,590	100,000
3315,590	87,000
3323,590	93,000
3331,590	88,000
3339,590	92,000
3347,591	81,000
3355,591	97,000
3363,591	87,000
3371,591	78,000
3379,591	102,000
3387,591	90,000
3395,592	100,000
3403,592	96,000
3411,592	96,000
3419,592	83,000
3427,592	98,000
3435,592	91,000
3443,593	91,000
3451,593	97,000
3459,593	82,000
3467,593	101,000
3475,593	94,000
3483,593	105,000
3491,594	85,000
3499,594	101,000
3507,594	103,000
3515,594	103,000
3523,594	94,000
3531,594	81,000
3539,595	78,000
3547,595	76,000
3555,595	81,000
3563,595	66,000
3571,595	91,000
3579,595	69,000
3587,596	84,000
3595,596	65,000
3603,596	103,000
3611,596	86,000
3619,596	87,000
3627,596	79,000
3635,597	78,000
3643,597	80,000
3651,597	76,000
3659,597	90,000
3667,597	86,000
3675,597	86,000
3683,598	82,000
3691,598	92,000
3699,598	77,000
3707,598	75,000
3715,598	76,000
3723,598	97,000
3731,599	82,000
3739,599	80,000
3747,599	86,000
3755,599	84,000
3763,599	93,000
3771,599	74,000
3779,600	83,000
3787,600	82,000
3795,600	85,000
3803,600	92,000
3811,600	92,000
3819,600	67,000
3827,601	76,000
3835,601	76,000
3843,601	102,000
3851,601	82,000
3859,601	65,000
3867,601	98,000
3875,602	87,000
3883,602	85,000
3891,602	74,000
3899,602	81,000
3907,602	79,000
3915,602	82,000
3923,603	88,000
3931,603	85,000
3939,603	88,000
3947,603	75,000
3955,603	95,000
3963,603	68,000
3971,604	83,000
3979,604	81,000
3987,604	87,000
3995,604	103,000
4003,604	83,000
4011,604	80,000
4019,605	97,000
4027,605	107,000
4035,605	99,000
4043,605	76,000
4051,605	108,000
4059,605	113,000
4067,606	107,000
4075,606	112,000
4083,606	102,000
4091,606	116,000
4099,606	112,000
4107,606	120,000
4115,607	133,000
4123,607	138,000
4131,607	173,000
4139,607	179,000
4147,607	218,000
4155,607	242,000
4163,608	304,000
4171,608	311,000
4179,608	391,000
4187,608	460,000
4195,608	534,000
4203,608	608,000
4211,609	700,000
4219,609	873,000
4227,609	997,000
4235,609	1167,000
4243,609	1289,000
4251,609	1435,000
4259,610	1688,000
4267,610	1893,000
4275,610	2084,000
4283,610	2412,000
4291,610	2601,000
4299,610	2709,000
4307,611	2873,000
4315,611	3182,000
4323,611	3161,000
4331,611	3445,000
4339,611	3519,000
4347,611	3587,000
4355,612	3701,000
4363,612	3759,000
4371,612	3783,000
4379,612	3779,000
4387,612	3488,000
4395,612	3480,000
4403,613	3223,000
4411,613	3202,000
4419,613	2973,000
4427,613	2619,000
4435,613	2463,000
4443,613	2375,000
4451,614	2130,000
4459,614	1836,000
4467,614	1656,000
4475,614	1368,000
4483,614	1319,000
4491,614	1128,000
4499,615	877,000
4507,615	821,000
4515,615	672,000
4523,615	558,000
4531,615	489,000
4539,615	414,000
4547,616	333,000
4555,616	291,000
4563,616	234,000
4571,616	222,000
4579,616	179,000
4587,616	177,000
4595,617	134,000
4603,617	136,000
4611,617	152,000
4619,617	135,000
4627,617	166,000
4635,617	164,000
4643,618	155,000
4651,618	158,000
4659,618	139,000
4667,618	142,000
4675,618	169,000
4683,618	147,000
4691,619	166,000
4699,619	161,000
4707,619	136,000
4715,619	140,000
4723,619	181,000
4731,619	135,000
4739,620	169,000
4747,620	150,000
4755,620	167,000
4763,620	181,000
4771,620	179,000
4779,620	164,000
4787,621	173,000
4795,621	157,000
4803,621	157,000
4811,621	167,000
4819,621	178,000
4827,621	184,000
4835,622	179,000
4843,622	154,000
4851,622	153,000
4859,622	179,000
4867,622	149,000
4875,622	159,000
4883,623	168,000
4891,623	180,000
4899,623	160,000
4907,623	170,000
4915,623	146,000
4923,623	176,000
4931,624	176,000
4939,624	154,000
4947,624	145,000
4955,624	135,000
4963,624	144,000
4971,624	146,000
4979,625	178,000
4987,625	172,000
4995,625	161,000
5003,625	149,000
5011,625	159,000
5019,625	167,000
5027,626	141,000
5035,626	137,000
5043,626	152,000
5051,626	150,000
5059,626	168,000
5067,626	172,000
5075,627	147,000
5083,627	152,000
5091,627	140,000
5099,627	158,000
5107,627	142,000
5115,627	135,000
5123,628	146,000
5131,628	140,000
5139,628	122,000
5147,628	146,000
5155,628	160,000
5163,628	154,000
5171,629	134,000
5179,629	137,000
5187,629	141,000
5195,629	152,000
5203,629	136,000
5211,629	153,000
5219,630	142,000
5227,630	131,000
5235,630	158,000
5243,630	130,000
5251,630	135,000
5259,630	148,000
5267,631	165,000
5275,631	144,000
5283,631	127,000
5291,631	140,000
5299,631	140,000
5307,631	127,000
5315,632	155,000
5323,632	128,000
5331,632	160,000
5339,632	130,000
5347,632	132,000
5355,632	138,000
5363,633	147,000
5371,633	139,000
5379,633	160,000
5387,633	138,000
5395,633	150,000
5403,633	145,000
5411,634	136,000
5419,634	157,000
5427,634	135,000
5435,634	136,000
5443,634	144,000
5451,634	157,000
5459,635	144,000
5467,635	159,000
5475,635	153,000
5483,635	139,000
5491,635	154,000
5499,635	162,000
5507,636	145,000
5515,636	175,000
5523,636	165,000
5531,636	208,000
5539,636	162,000
5547,636	190,000
5555,637	202,000
5563,637	195,000
5571,637	251,000
5579,637	241,000
5587,637	261,000
5595,637	294,000
5603,638	373,000
5611,638	389,000
5619,638	442,000
5627,638	506,000
5635,638	548,000
5643,638	650,000
5651,639	745,000
5659,639	853,000
5667,639	848,000
5675,639	1030,000
5683,639	1173,000
5691,639	1297,000
5699,640	1479,000
5707,640	1610,000
5715,640	1723,000
5723,640	1921,000
5731,640	2124,000
5739,640	2187,000
5747,641	2266,000
5755,641	2507,000
5763,641	2565,000
5771,641	2760,000
5779,641	2905,000
5787,641	2947,000
5795,642	2969,000
5803,642	3064,000
5811,642	3073,000
5819,642	3099,000
5827,642	3164,000
5835,642	2916,000
5843,643	2992,000
5851,643	2948,000
5859,643	2727,000
5867,643	2732,000
5875,643	2639,000
5883,643	2369,000
5891,644	2290,000
5899,644	2178,000
5907,644	1989,000
5915,644	1809,000
5923,644	1657,000
5931,644	1486,000
5939,645	1319,000
5947,645	1192,000
5955,645	1103,000
5963,645	984,000
5971,645	885,000
5979,645	749,000
5987,646	667,000
5995,646	528,000
6003,646	514,000
6011,646	427,000
6019,646	367,000
6027,646	318,000
6035,647	327,000
6043,647	279,000
6051,647	255,000
6059,647	236,000
6067,647	217,000
6075,647	222,000
6083,648	233,000
6091,648	202,000
6099,648	198,000
6107,648	183,000
6115,648	181,000
6123,648	193,000
6131,649	187,000
6139,649	197,000
6147,649	175,000
6155,649	196,000
6163,649	216,000
6171,649	198,000
6179,650	193,000
6187,650	201,000
6195,650	197,000
6203,650	187,000
6211,650	183,000
6219,650	181,000
6227,651	211,000
6235,651	204,000
6243,651	204,000
6251,651	204,000
6259,651	201,000
6267,651	205,000
6275,652	219,000
6283,652	208,000
6291,652	198,000
6299,652	189,000
6307,652	222,000
6315,652	204,000
6323,653	213,000
6331,653	174,000
6339,653	216,000
6347,653	215,000
6355,653	221,000
6363,653	188,000
6371,654	194,000
6379,654	188,000
6387,654	174,000
6395,654	197,000
6403,654	224,000
6411,654	193,000
6419,655	195,000
6427,655	181,000
6435,655	201,000
6443,655	189,000
6451,655	189,000
6459,655	172,000
6467,656	187,000
6475,656	192,000
6483,656	198,000
6491,656	197,000
6499,656	181,000
6507,656	158,000
6515,657	212,000
6523,657	175,000
6531,657	184,000
6539,657	183,000
6547,657	198,000
6555,657	172,000
6563,658	191,000
6571,658	171,000
6579,658	174,000
6587,658	188,000
6595,658	177,000
6603,658	186,000
6611,659	172,000
6619,659	193,000
6627,659	156,000
6635,659	189,000
6643,659	151,000
6651,659	181,000
6659,660	162,000
6667,660	151,000
6675,660	178,000
6683,660	151,000
6691,660	186,000
6699,660	184,000
6707,661	193,000
6715,661	197,000
6723,661	178,000
6731,661	175,000
6739,661	181,000
6747,661	168,000
6755,662	168,000
6763,662	161,000
6771,662	165,000
6779,662	185,000
6787,662	159,000
6795,662	175,000
6803,663	142,000
6811,663	157,000
6819,663	158,000
6827,663	165,000
6835,663	170,000
6843,663	160,000
6851,664	179,000
6859,664	186,000
6867,664	165,000
6875,664	183,000
6883,664	172,000
6891,664	170,000
6899,665	171,000
6907,665	171,000
6915,665	182,000
6923,665	160,000
6931,665	168,000
6939,665	179,000
6947,666	187,000
6955,666	191,000
6963,666	210,000
6971,666	170,000
6979,666	186,000
6987,666	231,000
6995,667	212,000
7003,667	229,000
7011,667	245,000
7019,667	238,000
7027,667	272,000
7035,667	318,000
7043,668	319,000
7051,668	350,000
7059,668	396,000
7067,668	377,000
7075,668	436,000
7083,668	505,000
7091,669	529,000
7099,669	666,000
7107,669	655,000
7115,669	784,000
7123,669	850,000
7131,669	950,000
7139,670	969,000
7147,670	1092,000
7155,670	1185,000
7163,670	1209,000
7171,670	1338,000
7179,670	1467,000
7187,671	1609,000
7195,671	1706,000
7203,671	1648,000
7211,671	1758,000
7219,671	1867,000
7227,671	1973,000
7235,672	1952,000
7243,672	2012,000
7251,672	2139,000
7259,672	2138,000
7267,672	2159,000
7275,672	2198,000
7283,673	2123,000
7291,673	2073,000
7299,673	2043,000
7307,673	2058,000
7315,673	1968,000
7323,673	1951,000
7331,674	1798,000
7339,674	1786,000
7347,674	1774,000
7355,674	1610,000
7363,674	1528,000
7371,674	1380,000
7379,675	1329,000
7387,675	1241,000
7395,675	1080,000
7403,675	1055,000
7411,675	990,000
7419,675	936,000
7427,676	805,000
7435,676	686,000
7443,676	569,000
7451,676	600,000
7459,676	515,000
7467,676	457,000
7475,677	407,000
7483,677	382,000
7491,677	338,000
7499,677	299,000
7507,677	281,000
7515,677	264,000
7523,678	217,000
7531,678	224,000
7539,678	200,000
7547,678	213,000
7555,678	182,000
7563,678	221,000
7571,679	183,000
7579,679	171,000
7587,679	177,000
7595,679	179,000
7603,679	183,000
7611,679	188,000
7619,680	212,000
7627,680	180,000
7635,680	202,000
7643,680	180,000
7651,680	192,000
7659,680	207,000
7667,681	191,000
7675,681	171,000
7683,681	191,000
7691,681	208,000
7699,681	194,000
7707,681	216,000
7715,682	201,000
7723,682	185,000
7731,682	182,000
7739,682	204,000
7747,682	188,000
7755,682	186,000
7763,683	173,000
7771,683	182,000
7779,683	186,000
7787,683	200,000
7795,683	200,000
7803,683	187,000
7811,684	197,000
7819,684	209,000
7827,684	185,000
7835,684	190,000
7843,684	172,000
7851,684	200,000
7859,685	176,000
7867,685	187,000
7875,685	211,000
7883,685	193,000
7891,685	209,000
7899,685	215,000
7907,686	160,000
7915,686	185,000
7923,686	183,000
7931,686	177,000
7939,686	178,000
7947,686	197,000
7955,687	176,000
7963,687	174,000
7971,687	176,000
7979,687	179,000
7987,687	186,000
7995,687	185,000
8003,688	183,000
8011,688	171,000
8019,688	176,000
8027,688	149,000
8035,688	184,000
8043,688	174,000
8051,689	182,000
8059,689	160,000
8067,689	167,000
8075,689	162,000
8083,689	176,000
8091,689	184,000
8099,690	194,000
8107,690	180,000
8115,690	178,000
8123,690	170,000
8131,690	149,000
8139,690	161,000
8147,691	181,000
8155,691	138,000
8163,691	162,000
8171,691	164,000
8179,691	174,000
8187,691	158,000
8195,692	149,000
8203,692	157,000
8211,692	147,000
8219,692	153,000
8227,692	144,000
8235,692	181,000
8243,693	153,000
8251,693	159,000
8259,693	162,000
8267,693	132,000
8275,693	162,000
8283,693	174,000
8291,694	177,000
8299,694	146,000
8307,694	162,000
8315,694	128,000
8323,694	152,000
8331,694	130,000
8339,695	158,000
8347,695	154,000
8355,695	182,000
8363,695	160,000
8371,695	146,000
8379,695	147,000
8387,696	150,000
8395,696	164,000
8403,696	151,000
8411,696	180,000
8419,696	186,000
8427,696	190,000
8435,697	205,000
8443,697	209,000
8451,697	165,000
8459,697	221,000
8467,697	204,000
8475,697	242,000
8483,698	259,000
8491,698	252,000
8499,698	253,000
8507,698	299,000
8515,698	345,000
8523,698	391,000
8531,699	396,000
8539,699	403,000
8547,699	437,000
8555,699	411,000
8563,699	493,000
8571,699	567,000
8579,700	583,000
8587,700	677,000
8595,700	652,000
8603,700	689,000
8611,700	783,000
8619,700	857,000
8627,701	898,000
8635,701	962,000
8643,701	967,000
8651,701	1110,000
8659,701	1092,000
8667,701	1128,000
8675,702	1207,000
8683,702	1242,000
8691,702	1199,000
8699,702	1260,000
8707,702	1286,000
8715,702	1200,000
8723,703	1326,000
8731,703	1287,000
8739,703	1244,000
8747,703	1277,000
8755,703	1207,000
8763,703	1209,000
8771,704	1190,000
8779,704	1207,000
8787,704	1127,000
8795,704	1045,000
8803,704	1013,000
8811,704	1020,000
8819,705	1025,000
8827,705	892,000
8835,705	838,000
8843,705	789,000
8851,705	731,000
8859,705	701,000
8867,706	626,000
8875,706	611,000
8883,706	532,000
8891,706	494,000
8899,706	444,000
8907,706	413,000
8915,707	398,000
8923,707	355,000
8931,707	338,000
8939,707	309,000
8947,707	287,000
8955,707	254,000
8963,708	229,000
8971,708	230,000
8979,708	232,000
8987,708	196,000
8995,708	204,000
9003,708	180,000
9011,709	171,000
9019,709	181,000
9027,709	144,000
9035,709	161,000
9043,709	161,000
9051,709	150,000
9059,710	189,000
9067,710	160,000
9075,710	158,000
9083,710	150,000
9091,710	139,000
9099,710	152,000
9107,711	127,000
9115,711	161,000
9123,711	152,000
9131,711	144,000
9139,711	148,000
9147,711	158,000
9155,712	131,000
9163,712	162,000
9171,712	163,000
9179,712	140,000
9187,712	132,000
9195,712	146,000
9203,713	164,000
9211,713	138,000
9219,713	159,000
9227,713	122,000
9235,713	143,000
9243,713	152,000
9251,714	144,000
9259,714	153,000
9267,714	143,000
9275,714	139,000
9283,714	168,000
9291,714	127,000
9299,715	139,000
9307,715	144,000
9315,715	149,000
9323,715	128,000
9331,715	165,000
9339,715	140,000
9347,716	164,000
9355,716	123,000
9363,716	158,000
9371,716	143,000
9379,716	164,000
9387,716	138,000
9395,717	142,000
9403,717	124,000
9411,717	136,000
9419,717	139,000
9427,717	145,000
9435,717	128,000
9443,718	137,000
9451,718	143,000
9459,718	125,000
9467,718	130,000
9475,718	148,000
9483,718	147,000
9491,719	128,000
9499,719	136,000
9507,719	131,000
9515,719	128,000
9523,719	125,000
9531,719	137,000
9539,720	130,000
9547,720	118,000
9555,720	140,000
9563,720	115,000
9571,720	104,000
9579,720	116,000
9587,721	130,000
9595,721	121,000
9603,721	127,000
9611,721	115,000
9619,721	136,000
9627,721	118,000
9635,722	105,000
9643,722	120,000
9651,722	118,000
9659,722	123,000
9667,722	129,000
9675,722	134,000
9683,723	136,000
9691,723	108,000
9699,723	128,000
9707,723	135,000
9715,723	116,000
9723,723	117,000
9731,724	108,000
9739,724	129,000
9747,724	126,000
9755,724	139,000
9763,724	117,000
9771,724	114,000
9779,725	108,000
9787,725	140,000
9795,725	119,000
9803,725	101,000
9811,725	134,000
9819,725	119,000
9827,726	110,000
9835,726	117,000
9843,726	145,000
9851,726	112,000
9859,726	119,000
9867,726	111,000
9875,727	110,000
9883,727	144,000
9891,727	126,000
9899,727	154,000
9907,727	164,000
9915,727	135,000
9923,728	168,000
9931,728	157,000
9939,728	198,000
9947,728	204,000
9955,728	214,000
9963,728	236,000
9971,729	209,000
9979,729	217,000
9987,729	294,000
9995,729	294,000
10003,729	303,000
10011,729	293,000
10019,730	342,000
10027,730	351,000
10035,730	393,000
10043,730	378,000
10051,730	413,000
10059,730	460,000
10067,731	462,000
10075,731	504,000
10083,731	505,000
10091,731	526,000
10099,731	556,000
10107,731	600,000
10115,732	632,000
10123,732	617,000
10131,732	659,000
10139,732	637,000
10147,732	730,000
10155,732	662,000
10163,733	692,000
10171,733	674,000
10179,733	673,000
10187,733	672,000
10195,733	704,000
10203,733	636,000
10211,734	601,000
10219,734	632,000
10227,734	609,000
10235,734	615,000
10243,734	605,000
10251,734	581,000
10259,735	555,000
10267,735	520,000
10275,735	518,000
10283,735	539,000
10291,735	476,000
10299,735	481,000
10307,736	450,000
10315,736	422,000
10323,736	411,000
10331,736	374,000
10339,736	331,000
10347,736	347,000
10355,737	302,000
10363,737	271,000
10371,737	280,000
10379,737	231,000
10387,737	227,000
10395,737	210,000
10403,738	204,000
10411,738	197,000
10419,738	166,000
10427,738	155,000
10435,738	149,000
10443,738	137,000
10451,739	124,000
10459,739	125,000
10467,739	123,000
10475,739	111,000
10483,739	105,000
10491,739	128,000
10499,740	84,000
10507,740	117,000
10515,740	93,000
10523,740	85,000
10531,740	107,000
10539,740	106,000
10547,741	110,000
10555,741	91,000
10563,741	101,000
10571,741	95,000
10579,741	94,000
10587,741	117,000
10595,742	109,000
10603,742	113,000
10611,742	100,000
10619,742	101,000
10627,742	97,000
10635,742	95,000
10643,743	101,000
10651,743	77,000
10659,743	103,000
10667,743	102,000
10675,743	83,000
10683,743	92,000
10691,744	102,000
10699,744	107,000
10707,744	116,000
10715,744	102,000
10723,744	90,000
10731,744	92,000
10739,745	86,000
10747,745	94,000
10755,745	95,000
10763,745	102,000
10771,745	95,000
10779,745	88,000
10787,746	71,000
10795,746	90,000
10803,746	101,000
10811,746	85,000
10819,746	91,000
10827,746	90,000
10835,747	90,000
10843,747	111,000
10851,747	90,000
10859,747	86,000
10867,747	93,000
10875,747	99,000
10883,748	86,000
10891,748	101,000
10899,748	81,000
10907,748	85,000
10915,748	82,000
10923,748	86,000
10931,749	90,000
10939,749	97,000
10947,749	95,000
10955,749	87,000
10963,749	92,000
10971,749	98,000
10979,750	96,000
10987,750	77,000
10995,750	93,000
11003,750	90,000
11011,750	106,000
11019,750	93,000
11027,751	94,000
11035,751	99,000
11043,751	99,000
11051,751	65,000
11059,751	79,000
11067,751	95,000
11075,752	70,000
11083,752	87,000
11091,752	87,000
11099,752	86,000
11107,752	84,000
11115,752	61,000
11123,753	81,000
11131,753	94,000
11139,753	66,000
11147,753	66,000
11155,753	79,000
11163,753	81,000
11171,754	98,000
11179,754	64,000
11187,754	81,000
11195,754	75,000
11203,754	90,000
11211,754	87,000
11219,755	63,000
11227,755	71,000
11235,755	87,000
11243,755	71,000
11251,755	88,000
11259,755	72,000
11267,756	75,000
11275,756	105,000
11283,756	65,000
11291,756	72,000
11299,756	78,000
11307,756	85,000
11315,757	79,000
11323,757	87,000
11331,757	95,000
11339,757	90,000
11347,757	109,000
11355,757	100,000
11363,758	103,000
11371,758	108,000
11379,758	111,000
11387,758	115,000
11395,758	116,000
11403,758	109,000
11411,759	129,000
11419,759	135,000
11427,759	138,000
11435,759	136,000
11443,759	150,000
11451,759	164,000
11459,760	150,000
11467,760	155,000
11475,760	182,000
11483,760	198,000
11491,760	201,000
11499,760	233,000
11507,761	226,000
11515,761	234,000
11523,761	212,000
11531,761	251,000
11539,761	263,000
11547,761	221,000
11555,762	283,000
11563,762	298,000
11571,762	285,000
11579,762	290,000
11587,762	279,000
11595,762	319,000
11603,763	318,000
11611,763	303,000
11619,763	330,000
11627,763	308,000
11635,763	301,000
11643,763	347,000
11651,764	326,000
11659,764	327,000
11667,764	315,000
11675,764	318,000
11683,764	320,000
11691,764	292,000
11699,765	313,000
11707,765	285,000
11715,765	283,000
11723,765	285,000
11731,765	252,000
11739,765	262,000
11747,766	206,000
11755,766	230,000
11763,766	218,000
11771,766	194,000
11779,766	202,000
11787,766	195,000
11795,767	156,000
11803,767	174,000
11811,767	162,000
11819,767	159,000
11827,767	141,000
11835,767	144,000
11843,768	128,000
11851,768	135,000
11859,768	107,000
11867,768	129,000
11875,768	90,000
11883,768	113,000
11891,769	77,000
11899,769	78,000
11907,769	84,000
11915,769	78,000
11923,769	83,000
11931,769	81,000
11939,770	69,000
11947,770	67,000
11955,770	75,000
11963,770	62,000
11971,770	60,000
11979,770	64,000
11987,771	60,000
11995,771	55,000
12003,771	49,000
12011,771	51,000
12019,771	55,000
12027,771	47,000
12035,772	56,000
12043,772	51,000
12051,772	71,000
12059,772	68,000
12067,772	49,000
12075,772	58,000
12083,773	63,000
12091,773	48,000
12099,773	67,000
12107,773	56,000
12115,773	57,000
12123,773	47,000
12131,774	66,000
12139,774	60,000
12147,774	65,000
12155,774	55,000
12163,774	63,000
12171,774	62,000
12179,775	61,000
12187,775	58,000
12195,775	66,000
12203,775	64,000
12211,775	59,000
12219,775	69,000
12227,776	49,000
12235,776	65,000
12243,776	49,000
12251,776	51,000
12259,776	60,000
12267,776	53,000
12275,777	60,000
12283,777	59,000
12291,777	44,000
12299,777	56,000
12307,777	69,000
12315,777	61,000
12323,778	45,000
12331,778	49,000
12339,778	44,000
12347,778	46,000
12355,778	58,000
12363,778	59,000
12371,779	53,000
12379,779	61,000
12387,779	40,000
12395,779	60,000
12403,779	42,000
12411,779	62,000
12419,780	51,000
12427,780	47,000
12435,780	51,000
12443,780	57,000
12451,780	55,000
12459,780	53,000
12467,781	41,000
12475,781	54,000
12483,781	61,000
12491,781	38,000
12499,781	44,000
12507,781	69,000
12515,782	45,000
12523,782	41,000
12531,782	50,000
12539,782	43,000
12547,782	48,000
12555,782	45,000
12563,783	53,000
12571,783	48,000
12579,783	48,000
12587,783	44,000
12595,783	52,000
12603,783	50,000
12611,784	50,000
12619,784	54,000
12627,784	45,000
12635,784	39,000
12643,784	39,000
12651,784	43,000
12659,785	46,000
12667,785	49,000
12675,785	47,000
12683,785	50,000
12691,785	38,000
12699,785	46,000
12707,786	37,000
12715,786	36,000
12723,786	47,000
12731,786	50,000
12739,786	43,000
12747,786	53,000
12755,787	57,000
12763,787	43,000
12771,787	57,000
12779,787	55,000
12787,787	49,000
12795,787	40,000
12803,788	58,000
12811,788	40,000
12819,788	56,000
12827,788	58,000
12835,788	47,000
12843,788	48,000
12851,789	71,000
12859,789	61,000
12867,789	61,000
12875,789	66,000
12883,789	74,000
12891,789	79,000
12899,790	70,000
12907,790	80,000
12915,790	90,000
12923,790	81,000
12931,790	87,000
12939,790	102,000
12947,791	94,000
12955,791	111,000
12963,791	115,000
12971,791	89,000
12979,791	107,000
12987,791	108,000
12995,792	110,000
13003,792	121,000
13011,792	128,000
13019,792	133,000
13027,792	136,000
13035,792	127,000
13043,793	156,000
13051,793	135,000
13059,793	160,000
13067,793	126,000
13075,793	119,000
13083,793	132,000
13091,794	129,000
13099,794	148,000
13107,794	154,000
13115,794	123,000
13123,794	144,000
13131,794	138,000
13139,795	106,000
13147,795	144,000
13155,795	135,000
13163,795	143,000
13171,795	118,000
13179,795	119,000
13187,796	121,000
13195,796	100,000
13203,796	112,000
13211,796	118,000
13219,796	98,000
13227,796	100,000
13235,797	96,000
13243,797	96,000
13251,797	93,000
13259,797	80,000
13267,797	66,000
13275,797	73,000
13283,798	74,000
13291,798	77,000
13299,798	78,000
13307,798	57,000
13315,798	71,000
13323,798	44,000
13331,799	54,000
13339,799	65,000
13347,799	43,000
13355,799	50,000
13363,799	54,000
13371,799	39,000
13379,800	31,000
13387,800	31,000
13395,800	36,000
13403,800	36,000
13411,800	27,000
13419,800	34,000
13427,801	30,000
13435,801	39,000
13443,801	37,000
13451,801	45,000
13459,801	33,000
13467,801	31,000
13475,802	39,000
13483,802	28,000
13491,802	32,000
13499,802	33,000
13507,802	44,000
13515,802	29,000
13523,803	30,000
13531,803	29,000
13539,803	34,000
13547,803	32,000
13555,803	31,000
13563,803	34,000
13571,804	27,000
13579,804	30,000
13587,804	32,000
13595,804	27,000
13603,804	25,000
13611,804	21,000
13619,805	31,000
13627,805	29,000
13635,805	31,000
13643,805	21,000
13651,805	24,000
13659,805	31,000
13667,806	25,000
13675,806	35,000
13683,806	30,000
13691,806	26,000
13699,806	26,000
13707,806	24,000
13715,807	21,000
13723,807	23,000
13731,807	32,000
13739,807	34,000
13747,807	30,000
13755,807	33,000
13763,808	33,000
13771,808	31,000
13779,808	30,000
13787,808	34,000
13795,808	30,000
13803,808	24,000
13811,809	20,000
13819,809	33,000
13827,809	22,000
13835,809	30,000
13843,809	36,000
13851,809	25,000
13859,810	24,000
13867,810	35,000
13875,810	22,000
13883,810	18,000
13891,810	35,000
13899,810	26,000
13907,811	27,000
13915,811	23,000
13923,811	22,000
13931,811	27,000
13939,811	32,000
13947,811	21,000
13955,812	18,000
13963,812	27,000
13971,812	33,000
13979,812	26,000
13987,812	17,000
13995,812	17,000
14003,813	32,000
14011,813	24,000
14019,813	25,000
14027,813	20,000
14035,813	22,000
14043,813	19,000
14051,814	35,000
14059,814	21,000
14067,814	32,000
14075,814	28,000
14083,814	27,000
14091,814	26,000
14099,815	25,000
14107,815	12,000
14115,815	22,000
14123,815	19,000
14131,815	15,000
14139,815	25,000
14147,816	29,000
14155,816	29,000
14163,816	22,000
14171,816	17,000
14179,816	18,000
14187,816	31,000
14195,817	24,000
14203,817	12,000
14211,817	24,000
14219,817	28,000
14227,817	19,000
14235,817	15,000
14243,818	26,000
14251,818	25,000
14259,818	33,000
14267,818	33,000
14275,818	22,000
14283,818	38,000
14291,819	32,000
14299,819	32,000
14307,819	31,000
14315,819	25,000
14323,819	21,000
14331,819	25,000
14339,820	33,000
14347,820	38,000
14355,820	31,000
14363,820	32,000
14371,820	32,000
14379,820	40,000
14387,821	45,000
14395,821	49,000
14403,821	39,000
14411,821	53,000
14419,821	47,000
14427,821	41,000
14435,822	54,000
14443,822	47,000
14451,822	40,000
14459,822	45,000
14467,822	37,000
14475,822	43,000
14483,823	51,000
14491,823	60,000
14499,823	61,000
14507,823	49,000
14515,823	54,000
14523,823	48,000
14531,824	57,000
14539,824	55,000
14547,824	55,000
14555,824	56,000
14563,824	61,000
14571,824	57,000
14579,825	63,000
14587,825	59,000
14595,825	56,000
14603,825	55,000
14611,825	52,000
14619,825	48,000
14627,826	46,000
14635,826	47,000
14643,826	51,000
14651,826	44,000
14659,826	46,000
14667,826	43,000
14675,827	46,000
14683,827	40,000
14691,827	33,000
14699,827	36,000
14707,827	28,000
14715,827	37,000
14723,828	31,000
14731,828	35,000
14739,828	31,000
14747,828	29,000
14755,828	38,000
14763,828	33,000
14771,829	36,000
14779,829	32,000
14787,829	18,000
14795,829	21,000
14803,829	19,000
14811,829	18,000
14819,830	13,000
14827,830	23,000
14835,830	24,000
14843,830	12,000
14851,830	15,000
14859,830	19,000
14867,831	16,000
14875,831	19,000
14883,831	14,000
14891,831	17,000
14899,831	17,000
14907,831	19,000
14915,832	19,000
14923,832	12,000
14931,832	16,000
14939,832	15,000
14947,832	8,000
14955,832	19,000
14963,833	17,000
14971,833	18,000
14979,833	16,000
14987,833	16,000
14995,833	11,000
15003,833	16,000
15011,834	12,000
15019,834	16,000
15027,834	16,000
15035,834	9,000
15043,834	15,000
15051,834	10,000
15059,835	12,000
15067,835	14,000
15075,835	10,000
15083,835	14,000
15091,835	12,000
15099,835	11,000
15107,836	16,000
15115,836	12,000
15123,836	11,000
15131,836	8,000
15139,836	13,000
15147,836	12,000
15155,837	15,000
15163,837	16,000
15171,837	13,000
15179,837	15,000
15187,837	14,000
15195,837	12,000
15203,838	14,000
15211,838	7,000
15219,838	13,000
15227,838	14,000
15235,838	8,000
15243,838	15,000
15251,839	18,000
15259,839	15,000
15267,839	9,000
15275,839	15,000
15283,839	18,000
15291,839	7,000
15299,840	11,000
15307,840	11,000
15315,840	12,000
15323,840	14,000
15331,840	6,000
15339,840	10,000
15347,841	6,000
15355,841	8,000
15363,841	14,000
15371,841	16,000
15379,841	10,000
15387,841	16,000
15395,842	17,000
15403,842	4,000
15411,842	6,000
15419,842	14,000
15427,842	10,000
15435,842	11,000
15443,843	13,000
15451,843	17,000
15459,843	12,000
15467,843	7,000
15475,843	9,000
15483,843	9,000
15491,844	14,000
15499,844	5,000
15507,844	7,000
15515,844	11,000
15523,844	7,000
15531,844	10,000
15539,845	14,000
15547,845	10,000
15555,845	15,000
15563,845	13,000
15571,845	10,000
15579,845	11,000
15587,846	15,000
15595,846	13,000
15603,846	16,000
15611,846	21,000
15619,846	6,000
15627,846	10,000
15635,847	8,000
15643,847	11,000
15651,847	11,000
15659,847	12,000
15667,847	12,000
15675,847	10,000
15683,848	15,000
15691,848	11,000
15699,848	11,000
15707,848	5,000
15715,848	20,000
15723,848	13,000
15731,849	20,000
15739,849	8,000
15747,849	11,000
15755,849	13,000
15763,849	15,000
15771,849	13,000
15779,850	12,000
15787,850	13,000
15795,850	10,000
15803,850	15,000
15811,850	10,000
15819,850	11,000
15827,851	18,000
15835,851	14,000
15843,851	13,000
15851,851	22,000
15859,851	22,000
15867,851	17,000
15875,852	24,000
15883,852	18,000
15891,852	15,000
15899,852	28,000
15907,852	19,000
15915,852	16,000
15923,853	17,000
15931,853	24,000
15939,853	17,000
15947,853	18,000
15955,853	26,000
15963,853	25,000
15971,854	16,000
15979,854	20,000
15987,854	30,000
15995,854	16,000
16003,854	18,000
16011,854	25,000
16019,855	20,000
16027,855	25,000
16035,855	19,000
16043,855	17,000
16051,855	16,000
16059,855	21,000
16067,856	19,000
16075,856	22,000
16083,856	16,000
16091,856	29,000
16099,856	20,000
16107,856	14,000
16115,857	18,000
16123,857	15,000
16131,857	18,000
16139,857	19,000
16147,857	25,000
16155,857	12,000
16163,858	19,000
16171,858	16,000
16179,858	17,000
16187,858	11,000
16195,858	9,000
16203,858	12,000
16211,859	11,000
16219,859	11,000
16227,859	9,000
16235,859	9,000
16243,859	11,000
16251,859	9,000
16259,860	8,000
16267,860	13,000
16275,860	9,000
16283,860	13,000
16291,860	11,000
16299,860	8,000
16307,861	8,000
16315,861	5,000
16323,861	6,000
16331,861	8,000
16339,861	7,000
16347,861	9,000
16355,862	10,000
16363,862	11,000
16371,862	5,000
16379,862	9,000
16387,862	4,000
16395,862	4,000
16403,863	7,000
16411,863	3,000
16419,863	6,000
16427,863	7,000
16435,863	6,000
16443,863	4,000
16451,864	5,000
16459,864	3,000
16467,864	9,000
16475,864	7,000
16483,864	10,000
16491,864	7,000
16499,865	8,000
16507,865	9,000
16515,865	6,000
16523,865	5,000
16531,865	7,000
16539,865	5,000
16547,866	7,000
16555,866	7,000
16563,866	6,000
16571,866	6,000
16579,866	4,000
16587,866	6,000
16595,867	4,000
16603,867	9,000
16611,867	7,000
16619,867	6,000
16627,867	5,000
16635,867	6,000
16643,868	6,000
16651,868	7,000
16659,868	4,000
16667,868	6,000
16675,868	5,000
16683,868	6,000
16691,869	8,000
16699,869	6,000
16707,869	4,000
16715,869	7,000
16723,869	6,000
16731,869	5,000
16739,870	4,000
16747,870	7,000
16755,870	2,000
16763,870	5,000
16771,870	5,000
16779,870	3,000
16787,871	5,000
16795,871	5,000
16803,871	7,000
16811,871	6,000
16819,871	4,000
16827,871	5,000
16835,872	4,000
16843,872	8,000
16851,872	5,000
16859,872	6,000
16867,872	3,000
16875,872	3,000
16883,873	1,000
16891,873	5,000
16899,873	5,000
16907,873	6,000
16915,873	9,000
16923,873	4,000
16931,874	3,000
16939,874	3,000
16947,874	11,000
16955,874	6,000
16963,874	4,000
16971,874	4,000
16979,875	3,000
16987,875	4,000
16995,875	3,000
17003,875	4,000
17011,875	7,000
17019,875	4,000
17027,876	7,000
17035,876	3,000
17043,876	5,000
17051,876	4,000
17059,876	8,000
17067,876	4,000
17075,877	4,000
17083,877	3,000
17091,877	3,000
17099,877	1,000
17107,877	4,000
17115,877	6,000
17123,878	5,000
17131,878	8,000
17139,878	4,000
17147,878	4,000
17155,878	4,000
17163,878	7,000
17171,879	6,000
17179,879	8,000
17187,879	7,000
17195,879	7,000
17203,879	9,000
17211,879	4,000
17219,880	6,000
17227,880	7,000
17235,880	6,000
17243,880	9,000
17251,880	8,000
17259,880	3,000
17267,881	4,000
17275,881	5,000
17283,881	6,000
17291,881	3,000
17299,881	4,000
17307,881	10,000
17315,882	7,000
17323,882	4,000
17331,882	6,000
17339,882	5,000
17347,882	4,000
17355,882	3,000
17363,883	7,000
17371,883	8,000
17379,883	9,000
17387,883	4,000
17395,883	13,000
17403,883	6,000
17411,884	7,000
17419,884	6,000
17427,884	8,000
17435,884	5,000
17443,884	4,000
17451,884	9,000
17459,885	4,000
17467,885	7,000
17475,885	7,000
17483,885	4,000
17491,885	5,000
17499,885	13,000
17507,886	6,000
17515,886	10,000
17523,886	9,000
17531,886	5,000
17539,886	5,000
17547,886	4,000
17555,887	4,000
17563,887	4,000
17571,887	5,000
17579,887	6,000
17587,887	6,000
17595,887	4,000
17603,888	5,000
17611,888	6,000
17619,888	2,000
17627,888	4,000
17635,888	8,000
17643,888	5,000
17651,889	6,000
17659,889	4,000
17667,889	3,000
17675,889	3,000
17683,889	3,000
17691,889	3,000
17699,890	3,000
17707,890	6,000
17715,890	1,000
17723,890	4,000
17731,890	2,000
17739,890	3,000
17747,891	2,000
17755,891	0,000
17763,891	5,000
17771,891	4,000
17779,891	6,000
17787,891	3,000
17795,892	2,000
17803,892	3,000
17811,892	3,000
17819,892	3,000
17827,892	3,000
17835,892	2,000
17843,893	0,000
17851,893	5,000
17859,893	2,000
17867,893	3,000
17875,893	3,000
17883,893	5,000
17891,894	1,000
17899,894	5,000
17907,894	3,000
17915,894	0,000
17923,894	2,000
17931,894	3,000
17939,895	5,000
17947,895	0,000
17955,895	1,000
17963,895	0,000
17971,895	1,000
17979,895	1,000
17987,896	0,000
17995,896	5,000
18003,896	4,000
18011,896	2,000
18019,896	0,000
18027,896	2,000
18035,897	3,000
18043,897	3,000
18051,897	3,000
18059,897	3,000
18067,897	5,000
18075,897	2,000
18083,898	2,000
18091,898	5,000
18099,898	1,000
18107,898	3,000
18115,898	2,000
18123,898	1,000
18131,899	1,000
18139,899	0,000
18147,899	2,000
18155,899	2,000
18163,899	1,000
18171,899	7,000
18179,900	3,000
18187,900	3,000
18195,900	0,000
18203,900	3,000
18211,900	1,000
18219,900	3,000
18227,901	1,000
18235,901	4,000
18243,901	1,000
18251,901	1,000
18259,901	3,000
18267,901	1,000
18275,902	2,000
18283,902	1,000
18291,902	2,000
18299,902	1,000
18307,902	1,000
18315,902	1,000
18323,903	2,000
18331,903	1,000
18339,903	1,000
18347,903	1,000
18355,903	3,000
18363,903	6,000
18371,904	4,000
18379,904	2,000
18387,904	3,000
18395,904	3,000
18403,904	2,000
18411,904	3,000
18419,905	0,000
18427,905	2,000
18435,905	0,000
18443,905	1,000
18451,905	0,000
18459,905	0,000
18467,906	1,000
18475,906	2,000
18483,906	1,000
18491,906	1,000
18499,906	3,000
18507,906	3,000
18515,907	2,000
18523,907	1,000
18531,907	3,000
18539,907	3,000
18547,907	4,000
18555,907	1,000
18563,908	4,000
18571,908	1,000
18579,908	2,000
18587,908	7,000
18595,908	6,000
18603,908	0,000
18611,909	0,000
18619,909	2,000
18627,909	4,000
18635,909	3,000
18643,909	2,000
18651,909	2,000
18659,910	1,000
18667,910	5,000
18675,910	2,000
18683,910	1,000
18691,910	4,000
18699,910	4,000
18707,911	0,000
18715,911	3,000
18723,911	3,000
18731,911	3,000
18739,911	3,000
18747,911	3,000
18755,912	3,000
18763,912	4,000
18771,912	2,000
18779,912	0,000
18787,912	1,000
18795,912	3,000
18803,913	2,000
18811,913	2,000
18819,913	5,000
18827,913	0,000
18835,913	1,000
18843,913	1,000
18851,914	3,000
18859,914	2,000
18867,914	3,000
18875,914	2,000
18883,914	3,000
18891,914	1,000
18899,915	4,000
18907,915	1,000
18915,915	1,000
18923,915	0,000
18931,915	3,000
18939,915	4,000
18947,916	2,000
18955,916	3,000
18963,916	0,000
18971,916	5,000
18979,916	3,000
18987,916	3,000
18995,917	1,000
19003,917	0,000
19011,917	4,000
19019,917	2,000
19027,917	3,000
19035,917	0,000
19043,918	1,000
19051,918	0,000
19059,918	0,000
19067,918	3,000
19075,918	0,000
19083,918	1,000
19091,919	2,000
19099,919	0,000
19107,919	3,000
19115,919	0,000
19123,919	2,000
19131,919	2,000
19139,920	1,000
19147,920	1,000
19155,920	1,000
19163,920	0,000
19171,920	0,000
19179,920	1,000
19187,921	0,000
19195,921	0,000
19203,921	0,000
19211,921	1,000
19219,921	0,000
19227,921	1,000
19235,922	0,000
19243,922	1,000
19251,922	0,000
19259,922	0,000
19267,922	0,000
19275,922	0,000
19283,923	2,000
19291,923	2,000
19299,923	3,000
19307,923	0,000
19315,923	0,000
19323,923	0,000
19331,924	2,000
19339,924	1,000
19347,924	0,000
19355,924	1,000
19363,924	0,000
19371,924	1,000
19379,925	1,000
19387,925	0,000
19395,925	1,000
19403,925	1,000
19411,925	2,000
19419,925	0,000
19427,926	1,000
19435,926	0,000
19443,926	2,000
19451,926	0,000
19459,926	1,000
19467,926	0,000
19475,927	0,000
19483,927	0,000
19491,927	3,000
19499,927	1,000
19507,927	0,000
19515,927	1,000
19523,928	0,000
19531,928	1,000
19539,928	1,000
19547,928	2,000
19555,928	0,000
19563,928	2,000
19571,929	0,000
19579,929	2,000
19587,929	3,000
19595,929	1,000
19603,929	1,000
19611,929	0,000
19619,930	2,000
19627,930	2,000
19635,930	2,000
19643,930	0,000
19651,930	0,000
19659,930	0,000
19667,931	1,000
19675,931	3,000
19683,931	0,000
19691,931	0,000
19699,931	3,000
19707,931	1,000
19715,932	1,000
19723,932	0,000
19731,932	1,000
19739,932	0,000
19747,932	0,000
19755,932	0,000
19763,933	0,000
19771,933	0,000
19779,933	1,000
19787,933	0,000
19795,933	1,000
19803,933	1,000
19811,934	1,000
19819,934	0,000
19827,934	1,000
19835,934	0,000
19843,934	0,000
19851,934	1,000
19859,935	0,000
19867,935	1,000
19875,935	0,000
19883,935	0,000
19891,935	2,000
19899,935	0,000
19907,936	2,000
19915,936	1,000
19923,936	0,000
19931,936	2,000
19939,936	1,000
19947,936	1,000
19955,937	2,000
19963,937	0,000
19971,937	1,000
19979,937	1,000
19987,937	0,000
19995,937	0,000
20003,938	0,000
20011,938	1,000
20019,938	1,000
20027,938	1,000
20035,938	1,000
20043,938	2,000
20051,939	2,000
20059,939	0,000
20067,939	0,000
20075,939	1,000
20083,939	1,000
20091,939	2,000
20099,940	0,000
20107,940	0,000
20115,940	0,000
20123,940	0,000
20131,940	1,000
20139,940	1,000
20147,941	1,000
20155,941	0,000
20163,941	2,000
20171,941	2,000
20179,941	0,000
20187,941	1,000
20195,942	1,000
20203,942	0,000
20211,942	1,000
20219,942	0,000
20227,942	1,000
20235,942	1,000
20243,943	1,000
20251,943	1,000
20259,943	0,000
20267,943	0,000
20275,943	1,000
20283,943	2,000
20291,944	1,000
20299,944	0,000
20307,944	1,000
20315,944	1,000
20323,944	0,000
20331,944	2,000
20339,945	0,000
20347,945	0,000
20355,945	1,000
20363,945	2,000
20371,945	1,000
20379,945	1,000
20387,946	1,000
20395,946	0,000
20403,946	2,000
20411,946	0,000
20419,946	0,000
20427,946	2,000
20435,947	0,000
20443,947	1,000
20451,947	1,000
20459,947	0,000
20467,947	1,000
20475,947	0,000
20483,948	0,000
20491,948	0,000
20499,948	2,000
20507,948	1,000
20515,948	0,000
20523,948	1,000
20531,949	0,000
20539,949	0,000
20547,949	0,000
20555,949	0,000
20563,949	1,000
20571,949	2,000
20579,950	0,000
20587,950	0,000
20595,950	1,000
20603,950	0,000
20611,950	0,000
20619,950	0,000
20627,951	0,000
20635,951	0,000
20643,951	0,000
20651,951	0,000
20659,951	0,000
20667,951	1,000
20675,952	1,000
20683,952	1,000
20691,952	0,000
20699,952	1,000
20707,952	0,000
20715,952	0,000
20723,953	0,000
20731,953	0,000
20739,953	1,000
20747,953	0,000
20755,953	0,000
20763,953	0,000
20771,954	0,000
20779,954	0,000
20787,954	0,000
20795,954	1,000
20803,954	0,000
20811,954	0,000
20819,955	0,000
20827,955	0,000
20835,955	0,000
20843,955	1,000
20851,955	0,000
20859,955	0,000
20867,956	0,000
20875,956	0,000
20883,956	0,000
20891,956	0,000
20899,956	0,000
20907,956	1,000
20915,957	0,000
20923,957	0,000
20931,957	0,000
20939,957	0,000
20947,957	0,000
20955,957	0,000
20963,958	1,000
20971,958	0,000
20979,958	1,000
20987,958	1,000
20995,958	0,000
21003,958	0,000
21011,959	0,000
21019,959	0,000
21027,959	0,000
21035,959	0,000
21043,959	0,000
21051,959	0,000
21059,960	0,000
21067,960	1,000
21075,960	0,000
21083,960	0,000
21091,960	1,000
21099,960	1,000
21107,961	1,000
21115,961	0,000
21123,961	0,000
21131,961	1,000
21139,961	2,000
21147,961	0,000
21155,962	0,000
21163,962	1,000
21171,962	0,000
21179,962	1,000
21187,962	2,000
21195,962	0,000
21203,963	0,000
21211,963	1,000
21219,963	0,000
21227,963	0,000
21235,963	0,000
21243,963	0,000
21251,964	0,000
21259,964	0,000
21267,964	0,000
21275,964	0,000
21283,964	0,000
21291,964	0,000
21299,965	0,000
21307,965	0,000
21315,965	0,000
21323,965	1,000
21331,965	0,000
21339,965	0,000
21347,966	0,000
21355,966	0,000
21363,966	0,000
21371,966	0,000
21379,966	1,000
21387,966	0,000
21395,967	0,000
21403,967	1,000
21411,967	0,000
21419,967	0,000
21427,967	0,000
21435,967	0,000
21443,968	0,000
21451,968	0,000
21459,968	0,000
21467,968	0,000
21475,968	0,000
21483,968	1,000
21491,969	0,000
21499,969	0,000
21507,969	0,000
21515,969	0,000
21523,969	3,000
21531,969	0,000
21539,970	0,000
21547,970	0,000
21555,970	0,000
21563,970	0,000
21571,970	0,000
21579,970	0,000
21587,971	0,000
21595,971	0,000
21603,971	0,000
21611,971	0,000
21619,971	0,000
21627,971	0,000
21635,972	0,000
21643,972	1,000
21651,972	0,000
21659,972	0,000
21667,972	0,000
21675,972	0,000
21683,973	0,000
21691,973	0,000
21699,973	0,000
21707,973	1,000
21715,973	0,000
21723,973	0,000
21731,974	0,000
21739,974	1,000
21747,974	0,000
21755,974	0,000
21763,974	0,000
21771,974	0,000
21779,975	0,000
21787,975	1,000
21795,975	0,000
21803,975	0,000
21811,975	0,000
21819,975	1,000
21827,976	1,000
21835,976	1,000
21843,976	1,000
21851,976	0,000
21859,976	0,000
21867,976	0,000
21875,977	0,000
21883,977	0,000
21891,977	1,000
21899,977	0,000
21907,977	0,000
21915,977	0,000
21923,978	0,000
21931,978	0,000
21939,978	0,000
21947,978	2,000
21955,978	1,000
21963,978	0,000
21971,979	0,000
21979,979	0,000
21987,979	0,000
21995,979	0,000
22003,979	0,000
22011,979	0,000
22019,980	0,000
22027,980	0,000
22035,980	0,000
22043,980	0,000
22051,980	0,000
22059,980	1,000
22067,981	0,000
22075,981	0,000
22083,981	0,000
22091,981	0,000
22099,981	0,000
22107,981	0,000
22115,982	0,000
22123,982	0,000
22131,982	0,000
22139,982	0,000
22147,982	0,000
22155,982	0,000
22163,983	0,000
22171,983	0,000
22179,983	0,000
22187,983	0,000
22195,983	0,000
22203,983	0,000
22211,984	1,000
22219,984	0,000
22227,984	0,000
22235,984	0,000
22243,984	0,000
22251,984	1,000
22259,985	0,000
22267,985	0,000
22275,985	0,000
22283,985	0,000
22291,985	0,000
22299,985	0,000
22307,986	0,000
22315,986	1,000
22323,986	0,000
22331,986	0,000
22339,986	0,000
22347,986	0,000
22355,987	0,000
22363,987	0,000
22371,987	0,000
22379,987	0,000
22387,987	0,000
22395,987	0,000
22403,988	0,000
22411,988	0,000
22419,988	0,000
22427,988	0,000
22435,988	0,000
22443,988	0,000
22451,989	0,000
22459,989	0,000
22467,989	0,000
22475,989	0,000
22483,989	0,000
22491,989	0,000
22499,990	0,000
22507,990	0,000
22515,990	0,000
22523,990	0,000
22531,990	1,000
22539,990	0,000
22547,991	0,000
22555,991	0,000
22563,991	0,000
22571,991	0,000
22579,991	0,000
22587,991	0,000
22595,992	0,000
22603,992	0,000
22611,992	0,000
22619,992	1,000
22627,992	0,000
22635,992	0,000
22643,993	0,000
22651,993	0,000
22659,993	0,000
22667,993	0,000
22675,993	0,000
22683,993	0,000
22691,994	0,000
22699,994	0,000
22707,994	0,000
22715,994	0,000
22723,994	0,000
22731,994	0,000
22739,995	0,000
22747,995	0,000
22755,995	0,000
22763,995	0,000
22771,995	0,000
22779,995	0,000
22787,996	0,000
22795,996	0,000
22803,996	0,000
22811,996	0,000
22819,996	0,000
22827,996	0,000
22835,997	0,000
22843,997	0,000
22851,997	0,000
22859,997	0,000
22867,997	0,000
22875,997	0,000
22883,998	0,000
22891,998	0,000
22899,998	0,000
22907,998	0,000
22915,998	0,000
22923,998	0,000
22931,999	0,000
22939,999	0,000
22947,999	0,000
22955,999	0,000
22963,999	0,000
22971,999	0,000
22980,000	0,000
22988,000	0,000
22996,000	0,000
