-996,500	0,000
-988,500	0,000
-980,500	0,000
-972,499	0,000
-964,499	0,000
-956,499	0,000
-948,499	0,000
-940,499	0,000
-932,499	0,000
-924,498	0,000
-916,498	0,000
-908,498	0,000
-900,498	0,000
-892,498	0,000
-884,498	0,000
-876,497	0,000
-868,497	0,000
-860,497	0,000
-852,497	0,000
-844,497	0,000
-836,497	0,000
-828,496	0,000
-820,496	0,000
-812,496	0,000
-804,496	0,000
-796,496	0,000
-788,496	0,000
-780,495	0,000
-772,495	0,000
-764,495	0,000
-756,495	0,000
-748,495	0,000
-740,495	0,000
-732,494	0,000
-724,494	0,000
-716,494	0,000
-708,494	0,000
-700,494	0,000
-692,494	0,000
-684,493	0,000
-676,493	0,000
-668,493	0,000
-660,493	0,000
-652,493	0,000
-644,493	0,000
-636,492	0,000
-628,492	0,000
-620,492	0,000
-612,492	0,000
-604,492	0,000
-596,492	0,000
-588,491	0,000
-580,491	0,000
-572,491	0,000
-564,491	0,000
-556,491	0,000
-548,491	0,000
-540,490	0,000
-532,490	0,000
-524,490	0,000
-516,490	0,000
-508,490	0,000
-500,490	0,000
-492,489	0,000
-484,489	0,000
-476,489	0,000
-468,489	0,000
-460,489	0,000
-452,489	0,000
-444,488	0,000
-436,488	0,000
-428,488	0,000
-420,488	0,000
-412,488	0,000
-404,488	0,000
-396,487	0,000
-388,487	0,000
-380,487	0,000
-372,487	0,000
-364,487	0,000
-356,487	0,000
-348,486	0,000
-340,486	0,000
-332,486	0,000
-324,486	0,000
-316,486	0,000
-308,486	0,000
-300,485	0,000
-292,485	0,000
-284,485	0,000
-276,485	0,000
-268,485	0,000
-260,485	0,000
-252,484	0,000
-244,484	0,000
-236,484	0,000
-228,484	0,000
-220,484	0,000
-212,484	0,000
-204,483	0,000
-196,483	0,000
-188,483	0,000
-180,483	0,000
-172,483	0,000
-164,483	0,000
-156,482	0,000
-148,482	0,000
-140,482	0,000
-132,482	0,000
-124,482	2,000
-116,482	1,000
-108,481	2,000
-100,481	7,000
-92,481	7,000
-84,481	27,000
-76,481	43,000
-68,481	81,000
-60,480	157,000
-52,480	298,000
-44,480	428,000
-36,480	656,000
-28,480	861,000
-20,480	1143,000
-12,479	1440,000
-4,479	1587,000
3,521	1565,000
11,521	1436,000
19,521	1177,000
27,521	952,000
35,522	738,000
43,522	475,000
51,522	302,000
59,522	228,000
67,522	97,000
75,522	57,000
83,523	32,000
91,523	27,000
99,523	19,000
107,523	16,000
115,523	19,000
123,523	7,000
131,524	13,000
139,524	6,000
147,524	7,000
155,524	8,000
163,524	6,000
171,524	9,000
179,525	11,000
187,525	4,000
195,525	6,000
203,525	3,000
211,525	15,000
219,525	8,000
227,526	9,000
235,526	7,000
243,526	6,000
251,526	6,000
259,526	8,000
267,526	4,000
275,527	8,000
283,527	9,000
291,527	6,000
299,527	13,000
307,527	10,000
315,527	5,000
323,528	7,000
331,528	3,000
339,528	8,000
347,528	4,000
355,528	8,000
363,528	7,000
371,529	3,000
379,529	2,000
387,529	5,000
395,529	6,000
403,529	6,000
411,529	5,000
419,530	1,000
427,530	7,000
435,530	8,000
443,530	3,000
451,530	2,000
459,530	0,000
467,531	6,000
475,531	2,000
483,531	5,000
491,531	4,000
499,531	5,000
507,531	6,000
515,532	0,000
523,532	6,000
531,532	4,000
539,532	4,000
547,532	9,000
555,532	6,000
563,533	4,000
571,533	8,000
579,533	4,000
587,533	6,000
595,533	5,000
603,533	5,000
611,534	4,000
619,534	3,000
627,534	5,000
635,534	4,000
643,534	3,000
651,534	4,000
659,535	4,000
667,535	7,000
675,535	8,000
683,535	7,000
691,535	7,000
699,535	6,000
707,536	6,000
715,536	4,000
723,536	3,000
731,536	8,000
739,536	4,000
747,536	5,000
755,537	8,000
763,537	8,000
771,537	8,000
779,537	4,000
787,537	6,000
795,537	7,000
803,538	2,000
811,538	3,000
819,538	6,000
827,538	4,000
835,538	8,000
843,538	5,000
851,539	5,000
859,539	8,000
867,539	6,000
875,539	10,000
883,539	6,000
891,539	8,000
899,540	4,000
907,540	9,000
915,540	7,000
923,540	4,000
931,540	12,000
939,540	12,000
947,541	12,000
955,541	8,000
963,541	9,000
971,541	10,000
979,541	17,000
987,541	6,000
995,542	9,000
1003,542	16,000
1011,542	14,000
1019,542	10,000
1027,542	9,000
1035,542	17,000
1043,543	12,000
1051,543	16,000
1059,543	16,000
1067,543	18,000
1075,543	19,000
1083,543	18,000
1091,544	28,000
1099,544	48,000
1107,544	61,000
1115,544	88,000
1123,544	134,000
1131,544	175,000
1139,545	235,000
1147,545	390,000
1155,545	452,000
1163,545	667,000
1171,545	819,000
1179,545	1029,000
1187,546	1315,000
1195,546	1583,000
1203,546	1910,000
1211,546	2324,000
1219,546	2506,000
1227,546	2720,000
1235,547	2877,000
1243,547	3199,000
1251,547	3220,000
1259,547	3182,000
1267,547	3144,000
1275,547	3074,000
1283,548	2784,000
1291,548	2377,000
1299,548	2096,000
1307,548	1744,000
1315,548	1412,000
1323,548	1150,000
1331,549	872,000
1339,549	692,000
1347,549	498,000
1355,549	361,000
1363,549	246,000
1371,549	171,000
1379,550	108,000
1387,550	79,000
1395,550	58,000
1403,550	53,000
1411,550	49,000
1419,550	43,000
1427,551	36,000
1435,551	41,000
1443,551	29,000
1451,551	38,000
1459,551	39,000
1467,551	35,000
1475,552	46,000
1483,552	36,000
1491,552	38,000
1499,552	35,000
1507,552	39,000
1515,552	29,000
1523,553	33,000
1531,553	38,000
1539,553	41,000
1547,553	33,000
1555,553	41,000
1563,553	29,000
1571,554	37,000
1579,554	41,000
1587,554	40,000
1595,554	38,000
1603,554	49,000
1611,554	41,000
1619,555	39,000
1627,555	33,000
1635,555	37,000
1643,555	34,000
1651,555	33,000
1659,555	40,000
1667,556	38,000
1675,556	39,000
1683,556	27,000
1691,556	34,000
1699,556	32,000
1707,556	36,000
1715,557	30,000
1723,557	55,000
1731,557	33,000
1739,557	36,000
1747,557	24,000
1755,557	37,000
1763,558	30,000
1771,558	26,000
1779,558	34,000
1787,558	31,000
1795,558	39,000
1803,558	33,000
1811,559	24,000
1819,559	46,000
1827,559	41,000
1835,559	32,000
1843,559	28,000
1851,559	29,000
1859,560	37,000
1867,560	33,000
1875,560	35,000
1883,560	37,000
1891,560	39,000
1899,560	28,000
1907,561	37,000
1915,561	27,000
1923,561	32,000
1931,561	31,000
1939,561	30,000
1947,561	28,000
1955,562	39,000
1963,562	44,000
1971,562	33,000
1979,562	40,000
1987,562	47,000
1995,562	48,000
2003,563	40,000
2011,563	34,000
2019,563	32,000
2027,563	41,000
2035,563	47,000
2043,563	37,000
2051,564	43,000
2059,564	42,000
2067,564	32,000
2075,564	36,000
2083,564	35,000
2091,564	35,000
2099,565	33,000
2107,565	33,000
2115,565	55,000
2123,565	32,000
2131,565	40,000
2139,565	42,000
2147,566	29,000
2155,566	35,000
2163,566	57,000
2171,566	50,000
2179,566	54,000
2187,566	46,000
2195,567	34,000
2203,567	50,000
2211,567	57,000
2219,567	46,000
2227,567	60,000
2235,567	50,000
2243,568	60,000
2251,568	47,000
2259,568	71,000
2267,568	62,000
2275,568	64,000
2283,568	60,000
2291,569	82,000
2299,569	79,000
2307,569	107,000
2315,569	120,000
2323,569	153,000
2331,569	173,000
2339,570	233,000
2347,570	249,000
2355,570	365,000
2363,570	447,000
2371,570	573,000
2379,570	713,000
2387,571	880,000
2395,571	1037,000
2403,571	1223,000
2411,571	1560,000
2419,571	1842,000
2427,571	2082,000
2435,572	2495,000
2443,572	2761,000
2451,572	3046,000
2459,572	3453,000
2467,572	3662,000
2475,572	4002,000
2483,573	4260,000
2491,573	4462,000
2499,573	4366,000
2507,573	4575,000
2515,573	4463,000
2523,573	4334,000
2531,574	4186,000
2539,574	3977,000
2547,574	3771,000
2555,574	3392,000
2563,574	3117,000
2571,574	2698,000
2579,575	2310,000
2587,575	1982,000
2595,575	1700,000
2603,575	1399,000
2611,575	1113,000
2619,575	918,000
2627,576	764,000
2635,576	535,000
2643,576	412,000
2651,576	335,000
2659,576	265,000
2667,576	212,000
2675,577	165,000
2683,577	158,000
2691,577	125,000
2699,577	103,000
2707,577	113,000
2715,577	105,000
2723,578	97,000
2731,578	103,000
2739,578	94,000
2747,578	96,000
2755,578	112,000
2763,578	95,000
2771,579	86,000
2779,579	94,000
2787,579	113,000
2795,579	104,000
2803,579	96,000
2811,579	87,000
2819,580	89,000
2827,580	90,000
2835,580	86,000
2843,580	104,000
2851,580	129,000
2859,580	86,000
2867,581	102,000
2875,581	114,000
2883,581	87,000
2891,581	93,000
2899,581	100,000
2907,581	82,000
2915,582	96,000
2923,582	88,000
2931,582	97,000
2939,582	86,000
2947,582	93,000
2955,582	92,000
2963,583	80,000
2971,583	97,000
2979,583	90,000
2987,583	93,000
2995,583	102,000
3003,583	83,000
3011,584	80,000
3019,584	100,000
3027,584	95,000
3035,584	87,000
3043,584	83,000
3051,584	96,000
3059,585	91,000
3067,585	89,000
3075,585	83,000
3083,585	76,000
3091,585	86,000
3099,585	93,000
3107,586	104,000
3115,586	70,000
3123,586	101,000
3131,586	94,000
3139,586	95,000
3147,586	84,000
3155,587	113,000
3163,587	84,000
3171,587	89,000
3179,587	84,000
3187,587	105,000
3195,587	97,000
3203,588	94,000
3211,588	86,000
3219,588	79,000
3227,588	94,000
3235,588	89,000
3243,588	85,000
3251,589	87,000
3259,589	89,000
3267,589	99,000
3275,589	95,000
3283,589	86,000
3291,589	81,000
3299,590	86,000
3307,590	76,000
3315,590	71,000
3323,590	96,000
3331,590	87,000
3339,590	80,000
3347,591	105,000
3355,591	103,000
3363,591	94,000
3371,591	112,000
3379,591	85,000
3387,591	83,000
3395,592	100,000
3403,592	102,000
3411,592	112,000
3419,592	109,000
3427,592	94,000
3435,592	108,000
3443,593	115,000
3451,593	92,000
3459,593	98,000
3467,593	132,000
3475,593	116,000
3483,593	151,000
3491,594	90,000
3499,594	141,000
3507,594	146,000
3515,594	125,000
3523,594	150,000
3531,594	149,000
3539,595	185,000
3547,595	237,000
3555,595	251,000
3563,595	279,000
3571,595	354,000
3579,595	381,000
3587,596	457,000
3595,596	543,000
3603,596	670,000
3611,596	757,000
3619,596	960,000
3627,596	1122,000
3635,597	1288,000
3643,597	1524,000
3651,597	1644,000
3659,597	1980,000
3667,597	2225,000
3675,597	2507,000
3683,598	2747,000
3691,598	3149,000
3699,598	3317,000
3707,598	3684,000
3715,598	3820,000
3723,598	4008,000
3731,599	4306,000
3739,599	4442,000
3747,599	4591,000
3755,599	4595,000
3763,599	4710,000
3771,599	4629,000
3779,600	4540,000
3787,600	4404,000
3795,600	4197,000
3803,600	3924,000
3811,600	3763,000
3819,600	3546,000
3827,601	2995,000
3835,601	2846,000
3843,601	2446,000
3851,601	2208,000
3859,601	1898,000
3867,601	1656,000
3875,602	1456,000
3883,602	1164,000
3891,602	980,000
3899,602	832,000
3907,602	701,000
3915,602	599,000
3923,603	467,000
3931,603	393,000
3939,603	330,000
3947,603	262,000
3955,603	227,000
3963,603	189,000
3971,604	200,000
3979,604	166,000
3987,604	183,000
3995,604	148,000
4003,604	153,000
4011,604	156,000
4019,605	161,000
4027,605	153,000
4035,605	156,000
4043,605	143,000
4051,605	133,000
4059,605	159,000
4067,606	149,000
4075,606	143,000
4083,606	139,000
4091,606	153,000
4099,606	151,000
4107,606	166,000
4115,607	182,000
4123,607	184,000
4131,607	165,000
4139,607	153,000
4147,607	176,000
4155,607	177,000
4163,608	141,000
4171,608	173,000
4179,608	169,000
4187,608	158,000
4195,608	159,000
4203,608	162,000
4211,609	153,000
4219,609	181,000
4227,609	148,000
4235,609	154,000
4243,609	158,000
4251,609	171,000
4259,610	161,000
4267,610	154,000
4275,610	138,000
4283,610	143,000
4291,610	163,000
4299,610	170,000
4307,611	170,000
4315,611	163,000
4323,611	165,000
4331,611	164,000
4339,611	158,000
4347,611	164,000
4355,612	163,000
4363,612	163,000
4371,612	148,000
4379,612	152,000
4387,612	160,000
4395,612	136,000
4403,613	157,000
4411,613	127,000
4419,613	139,000
4427,613	151,000
4435,613	145,000
4443,613	184,000
4451,614	126,000
4459,614	145,000
4467,614	148,000
4475,614	131,000
4483,614	139,000
4491,614	176,000
4499,615	122,000
4507,615	149,000
4515,615	147,000
4523,615	155,000
4531,615	130,000
4539,615	143,000
4547,616	147,000
4555,616	155,000
4563,616	153,000
4571,616	138,000
4579,616	161,000
4587,616	148,000
4595,617	152,000
4603,617	131,000
4611,617	131,000
4619,617	179,000
4627,617	141,000
4635,617	146,000
4643,618	134,000
4651,618	159,000
4659,618	150,000
4667,618	140,000
4675,618	174,000
4683,618	152,000
4691,619	152,000
4699,619	161,000
4707,619	161,000
4715,619	168,000
4723,619	146,000
4731,619	174,000
4739,620	176,000
4747,620	178,000
4755,620	183,000
4763,620	205,000
4771,620	252,000
4779,620	248,000
4787,621	278,000
4795,621	296,000
4803,621	341,000
4811,621	388,000
4819,621	460,000
4827,621	512,000
4835,622	580,000
4843,622	670,000
4851,622	751,000
4859,622	882,000
4867,622	924,000
4875,622	1127,000
4883,623	1242,000
4891,623	1443,000
4899,623	1619,000
4907,623	1760,000
4915,623	2026,000
4923,623	2256,000
4931,624	2434,000
4939,624	2584,000
4947,624	2726,000
4955,624	2983,000
4963,624	3276,000
4971,624	3379,000
4979,625	3513,000
4987,625	3583,000
4995,625	3621,000
5003,625	3661,000
5011,625	3843,000
5019,625	3674,000
5027,626	3746,000
5035,626	3661,000
5043,626	3511,000
5051,626	3370,000
5059,626	3232,000
5067,626	3154,000
5075,627	2899,000
5083,627	2810,000
5091,627	2520,000
5099,627	2434,000
5107,627	2213,000
5115,627	1854,000
5123,628	1660,000
5131,628	1524,000
5139,628	1375,000
5147,628	1207,000
5155,628	1037,000
5163,628	918,000
5171,629	746,000
5179,629	675,000
5187,629	579,000
5195,629	495,000
5203,629	438,000
5211,629	349,000
5219,630	316,000
5227,630	272,000
5235,630	244,000
5243,630	240,000
5251,630	210,000
5259,630	203,000
5267,631	179,000
5275,631	183,000
5283,631	201,000
5291,631	176,000
5299,631	195,000
5307,631	173,000
5315,632	184,000
5323,632	168,000
5331,632	160,000
5339,632	180,000
5347,632	187,000
5355,632	199,000
5363,633	195,000
5371,633	160,000
5379,633	173,000
5387,633	194,000
5395,633	179,000
5403,633	187,000
5411,634	191,000
5419,634	177,000
5427,634	202,000
5435,634	181,000
5443,634	195,000
5451,634	217,000
5459,635	217,000
5467,635	204,000
5475,635	189,000
5483,635	194,000
5491,635	206,000
5499,635	193,000
5507,636	188,000
5515,636	187,000
5523,636	198,000
5531,636	185,000
5539,636	170,000
5547,636	181,000
5555,637	195,000
5563,637	193,000
5571,637	181,000
5579,637	173,000
5587,637	182,000
5595,637	183,000
5603,638	177,000
5611,638	209,000
5619,638	167,000
5627,638	199,000
5635,638	194,000
5643,638	174,000
5651,639	170,000
5659,639	143,000
5667,639	179,000
5675,639	159,000
5683,639	173,000
5691,639	163,000
5699,640	153,000
5707,640	176,000
5715,640	185,000
5723,640	195,000
5731,640	163,000
5739,640	152,000
5747,641	164,000
5755,641	155,000
5763,641	162,000
5771,641	159,000
5779,641	144,000
5787,641	181,000
5795,642	168,000
5803,642	171,000
5811,642	196,000
5819,642	150,000
5827,642	170,000
5835,642	178,000
5843,643	179,000
5851,643	169,000
5859,643	195,000
5867,643	156,000
5875,643	161,000
5883,643	167,000
5891,644	181,000
5899,644	142,000
5907,644	174,000
5915,644	163,000
5923,644	171,000
5931,644	153,000
5939,645	191,000
5947,645	158,000
5955,645	185,000
5963,645	199,000
5971,645	178,000
5979,645	174,000
5987,646	187,000
5995,646	234,000
6003,646	219,000
6011,646	256,000
6019,646	253,000
6027,646	253,000
6035,647	288,000
6043,647	304,000
6051,647	348,000
6059,647	378,000
6067,647	445,000
6075,647	453,000
6083,648	536,000
6091,648	561,000
6099,648	682,000
6107,648	721,000
6115,648	775,000
6123,648	883,000
6131,649	940,000
6139,649	1040,000
6147,649	1200,000
6155,649	1378,000
6163,649	1390,000
6171,649	1566,000
6179,650	1693,000
6187,650	1812,000
6195,650	1839,000
6203,650	2032,000
6211,650	2163,000
6219,650	2229,000
6227,651	2284,000
6235,651	2371,000
6243,651	2468,000
6251,651	2480,000
6259,651	2551,000
6267,651	2501,000
6275,652	2525,000
6283,652	2487,000
6291,652	2478,000
6299,652	2341,000
6307,652	2384,000
6315,652	2223,000
6323,653	2236,000
6331,653	2131,000
6339,653	1971,000
6347,653	1851,000
6355,653	1692,000
6363,653	1573,000
6371,654	1551,000
6379,654	1377,000
6387,654	1229,000
6395,654	1120,000
6403,654	1015,000
6411,654	848,000
6419,655	767,000
6427,655	698,000
6435,655	622,000
6443,655	533,000
6451,655	471,000
6459,655	416,000
6467,656	355,000
6475,656	297,000
6483,656	284,000
6491,656	267,000
6499,656	239,000
6507,656	219,000
6515,657	226,000
6523,657	200,000
6531,657	169,000
6539,657	178,000
6547,657	186,000
6555,657	169,000
6563,658	173,000
6571,658	174,000
6579,658	164,000
6587,658	176,000
6595,658	174,000
6603,658	167,000
6611,659	189,000
6619,659	165,000
6627,659	189,000
6635,659	183,000
6643,659	170,000
6651,659	181,000
6659,660	156,000
6667,660	165,000
6675,660	172,000
6683,660	163,000
6691,660	190,000
6699,660	176,000
6707,661	168,000
6715,661	180,000
6723,661	154,000
6731,661	175,000
6739,661	161,000
6747,661	182,000
6755,662	157,000
6763,662	169,000
6771,662	173,000
6779,662	175,000
6787,662	187,000
6795,662	166,000
6803,663	195,000
6811,663	173,000
6819,663	161,000
6827,663	175,000
6835,663	175,000
6843,663	144,000
6851,664	153,000
6859,664	154,000
6867,664	181,000
6875,664	160,000
6883,664	157,000
6891,664	155,000
6899,665	152,000
6907,665	185,000
6915,665	155,000
6923,665	147,000
6931,665	151,000
6939,665	139,000
6947,666	146,000
6955,666	157,000
6963,666	161,000
6971,666	148,000
6979,666	144,000
6987,666	156,000
6995,667	141,000
7003,667	155,000
7011,667	140,000
7019,667	146,000
7027,667	152,000
7035,667	127,000
7043,668	146,000
7051,668	169,000
7059,668	143,000
7067,668	148,000
7075,668	148,000
7083,668	154,000
7091,669	142,000
7099,669	141,000
7107,669	148,000
7115,669	147,000
7123,669	145,000
7131,669	154,000
7139,670	162,000
7147,670	138,000
7155,670	139,000
7163,670	143,000
7171,670	137,000
7179,670	147,000
7187,671	145,000
7195,671	151,000
7203,671	138,000
7211,671	160,000
7219,671	157,000
7227,671	144,000
7235,672	159,000
7243,672	172,000
7251,672	198,000
7259,672	190,000
7267,672	223,000
7275,672	217,000
7283,673	223,000
7291,673	249,000
7299,673	295,000
7307,673	300,000
7315,673	311,000
7323,673	345,000
7331,674	350,000
7339,674	400,000
7347,674	407,000
7355,674	540,000
7363,674	578,000
7371,674	577,000
7379,675	593,000
7387,675	707,000
7395,675	775,000
7403,675	808,000
7411,675	868,000
7419,675	942,000
7427,676	1012,000
7435,676	1066,000
7443,676	1100,000
7451,676	1148,000
7459,676	1211,000
7467,676	1286,000
7475,677	1323,000
7483,677	1368,000
7491,677	1344,000
7499,677	1409,000
7507,677	1427,000
7515,677	1506,000
7523,678	1459,000
7531,678	1441,000
7539,678	1406,000
7547,678	1373,000
7555,678	1365,000
7563,678	1331,000
7571,679	1288,000
7579,679	1274,000
7587,679	1232,000
7595,679	1124,000
7603,679	1049,000
7611,679	1078,000
7619,680	969,000
7627,680	949,000
7635,680	855,000
7643,680	756,000
7651,680	708,000
7659,680	683,000
7667,681	590,000
7675,681	527,000
7683,681	475,000
7691,681	444,000
7699,681	371,000
7707,681	365,000
7715,682	352,000
7723,682	286,000
7731,682	242,000
7739,682	240,000
7747,682	210,000
7755,682	204,000
7763,683	196,000
7771,683	163,000
7779,683	174,000
7787,683	172,000
7795,683	142,000
7803,683	141,000
7811,684	143,000
7819,684	136,000
7827,684	117,000
7835,684	128,000
7843,684	117,000
7851,684	139,000
7859,685	126,000
7867,685	132,000
7875,685	118,000
7883,685	113,000
7891,685	132,000
7899,685	112,000
7907,686	127,000
7915,686	123,000
7923,686	108,000
7931,686	128,000
7939,686	127,000
7947,686	132,000
7955,687	121,000
7963,687	119,000
7971,687	125,000
7979,687	105,000
7987,687	114,000
7995,687	106,000
8003,688	152,000
8011,688	115,000
8019,688	150,000
8027,688	138,000
8035,688	143,000
8043,688	137,000
8051,689	124,000
8059,689	123,000
8067,689	118,000
8075,689	125,000
8083,689	131,000
8091,689	121,000
8099,690	127,000
8107,690	124,000
8115,690	124,000
8123,690	123,000
8131,690	140,000
8139,690	115,000
8147,691	123,000
8155,691	104,000
8163,691	96,000
8171,691	124,000
8179,691	89,000
8187,691	106,000
8195,692	101,000
8203,692	106,000
8211,692	124,000
8219,692	111,000
8227,692	102,000
8235,692	95,000
8243,693	107,000
8251,693	98,000
8259,693	124,000
8267,693	109,000
8275,693	120,000
8283,693	124,000
8291,694	112,000
8299,694	104,000
8307,694	139,000
8315,694	99,000
8323,694	125,000
8331,694	94,000
8339,695	102,000
8347,695	111,000
8355,695	103,000
8363,695	112,000
8371,695	106,000
8379,695	110,000
8387,696	92,000
8395,696	120,000
8403,696	108,000
8411,696	104,000
8419,696	111,000
8427,696	102,000
8435,697	95,000
8443,697	111,000
8451,697	110,000
8459,697	95,000
8467,697	120,000
8475,697	133,000
8483,698	124,000
8491,698	124,000
8499,698	124,000
8507,698	128,000
8515,698	141,000
8523,698	143,000
8531,699	172,000
8539,699	164,000
8547,699	174,000
8555,699	179,000
8563,699	175,000
8571,699	224,000
8579,700	237,000
8587,700	200,000
8595,700	302,000
8603,700	281,000
8611,700	302,000
8619,700	345,000
8627,701	340,000
8635,701	363,000
8643,701	399,000
8651,701	410,000
8659,701	449,000
8667,701	495,000
8675,702	517,000
8683,702	567,000
8691,702	578,000
8699,702	599,000
8707,702	593,000
8715,702	643,000
8723,703	656,000
8731,703	689,000
8739,703	711,000
8747,703	709,000
8755,703	720,000
8763,703	704,000
8771,704	713,000
8779,704	700,000
8787,704	735,000
8795,704	723,000
8803,704	687,000
8811,704	717,000
8819,705	659,000
8827,705	670,000
8835,705	627,000
8843,705	630,000
8851,705	641,000
8859,705	582,000
8867,706	555,000
8875,706	569,000
8883,706	509,000
8891,706	454,000
8899,706	458,000
8907,706	414,000
8915,707	392,000
8923,707	360,000
8931,707	356,000
8939,707	274,000
8947,707	256,000
8955,707	257,000
8963,708	205,000
8971,708	192,000
8979,708	209,000
8987,708	177,000
8995,708	143,000
9003,708	135,000
9011,709	149,000
9019,709	119,000
9027,709	123,000
9035,709	108,000
9043,709	106,000
9051,709	101,000
9059,710	90,000
9067,710	77,000
9075,710	82,000
9083,710	88,000
9091,710	87,000
9099,710	81,000
9107,711	85,000
9115,711	99,000
9123,711	88,000
9131,711	69,000
9139,711	74,000
9147,711	65,000
9155,712	83,000
9163,712	84,000
9171,712	70,000
9179,712	83,000
9187,712	76,000
9195,712	78,000
9203,713	91,000
9211,713	76,000
9219,713	63,000
9227,713	86,000
9235,713	74,000
9243,713	81,000
9251,714	70,000
9259,714	89,000
9267,714	75,000
9275,714	73,000
9283,714	82,000
9291,714	81,000
9299,715	87,000
9307,715	80,000
9315,715	70,000
9323,715	90,000
9331,715	88,000
9339,715	79,000
9347,716	83,000
9355,716	101,000
9363,716	80,000
9371,716	79,000
9379,716	81,000
9387,716	83,000
9395,717	77,000
9403,717	69,000
9411,717	78,000
9419,717	81,000
9427,717	68,000
9435,717	61,000
9443,718	66,000
9451,718	68,000
9459,718	82,000
9467,718	80,000
9475,718	78,000
9483,718	73,000
9491,719	78,000
9499,719	63,000
9507,719	85,000
9515,719	59,000
9523,719	68,000
9531,719	69,000
9539,720	71,000
9547,720	67,000
9555,720	62,000
9563,720	64,000
9571,720	65,000
9579,720	71,000
9587,721	70,000
9595,721	50,000
9603,721	64,000
9611,721	64,000
9619,721	84,000
9627,721	64,000
9635,722	72,000
9643,722	74,000
9651,722	67,000
9659,722	66,000
9667,722	72,000
9675,722	82,000
9683,723	73,000
9691,723	67,000
9699,723	66,000
9707,723	64,000
9715,723	68,000
9723,723	79,000
9731,724	74,000
9739,724	80,000
9747,724	87,000
9755,724	89,000
9763,724	83,000
9771,724	85,000
9779,725	101,000
9787,725	101,000
9795,725	94,000
9803,725	105,000
9811,725	119,000
9819,725	98,000
9827,726	117,000
9835,726	128,000
9843,726	149,000
9851,726	159,000
9859,726	129,000
9867,726	159,000
9875,727	182,000
9883,727	184,000
9891,727	185,000
9899,727	180,000
9907,727	238,000
9915,727	232,000
9923,728	197,000
9931,728	244,000
9939,728	255,000
9947,728	286,000
9955,728	308,000
9963,728	323,000
9971,729	324,000
9979,729	325,000
9987,729	308,000
9995,729	327,000
10003,729	353,000
10011,729	333,000
10019,730	301,000
10027,730	312,000
10035,730	320,000
10043,730	354,000
10051,730	361,000
10059,730	345,000
10067,731	307,000
10075,731	305,000
10083,731	315,000
10091,731	325,000
10099,731	287,000
10107,731	260,000
10115,732	287,000
10123,732	270,000
10131,732	270,000
10139,732	234,000
10147,732	243,000
10155,732	197,000
10163,733	180,000
10171,733	226,000
10179,733	167,000
10187,733	169,000
10195,733	137,000
10203,733	137,000
10211,734	117,000
10219,734	130,000
10227,734	128,000
10235,734	96,000
10243,734	107,000
10251,734	93,000
10259,735	96,000
10267,735	90,000
10275,735	87,000
10283,735	76,000
10291,735	66,000
10299,735	53,000
10307,736	69,000
10315,736	48,000
10323,736	49,000
10331,736	48,000
10339,736	43,000
10347,736	55,000
10355,737	47,000
10363,737	62,000
10371,737	39,000
10379,737	46,000
10387,737	43,000
10395,737	40,000
10403,738	59,000
10411,738	42,000
10419,738	47,000
10427,738	38,000
10435,738	41,000
10443,738	49,000
10451,739	27,000
10459,739	46,000
10467,739	45,000
10475,739	47,000
10483,739	55,000
10491,739	53,000
10499,740	46,000
10507,740	48,000
10515,740	41,000
10523,740	39,000
10531,740	36,000
10539,740	45,000
10547,741	47,000
10555,741	51,000
10563,741	46,000
10571,741	43,000
10579,741	49,000
10587,741	53,000
10595,742	48,000
10603,742	50,000
10611,742	45,000
10619,742	41,000
10627,742	38,000
10635,742	35,000
10643,743	48,000
10651,743	50,000
10659,743	34,000
10667,743	51,000
10675,743	43,000
10683,743	44,000
10691,744	44,000
10699,744	34,000
10707,744	36,000
10715,744	45,000
10723,744	37,000
10731,744	48,000
10739,745	41,000
10747,745	37,000
10755,745	44,000
10763,745	37,000
10771,745	26,000
10779,745	47,000
10787,746	38,000
10795,746	32,000
10803,746	31,000
10811,746	39,000
10819,746	44,000
10827,746	54,000
10835,747	41,000
10843,747	40,000
10851,747	36,000
10859,747	37,000
10867,747	42,000
10875,747	50,000
10883,748	35,000
10891,748	35,000
10899,748	28,000
10907,748	38,000
10915,748	54,000
10923,748	27,000
10931,749	23,000
10939,749	48,000
10947,749	38,000
10955,749	38,000
10963,749	45,000
10971,749	36,000
10979,750	40,000
10987,750	32,000
10995,750	42,000
11003,750	39,000
11011,750	51,000
11019,750	47,000
11027,751	53,000
11035,751	57,000
11043,751	46,000
11051,751	38,000
11059,751	47,000
11067,751	58,000
11075,752	59,000
11083,752	68,000
11091,752	62,000
11099,752	67,000
11107,752	70,000
11115,752	61,000
11123,753	72,000
11131,753	69,000
11139,753	85,000
11147,753	82,000
11155,753	83,000
11163,753	98,000
11171,754	101,000
11179,754	97,000
11187,754	95,000
11195,754	110,000
11203,754	110,000
11211,754	111,000
11219,755	123,000
11227,755	123,000
11235,755	143,000
11243,755	141,000
11251,755	138,000
11259,755	141,000
11267,756	125,000
11275,756	137,000
11283,756	141,000
11291,756	154,000
11299,756	148,000
11307,756	129,000
11315,757	133,000
11323,757	133,000
11331,757	140,000
11339,757	130,000
11347,757	117,000
11355,757	132,000
11363,758	117,000
11371,758	98,000
11379,758	105,000
11387,758	104,000
11395,758	81,000
11403,758	109,000
11411,759	80,000
11419,759	94,000
11427,759	78,000
11435,759	75,000
11443,759	73,000
11451,759	66,000
11459,760	68,000
11467,760	46,000
11475,760	60,000
11483,760	73,000
11491,760	50,000
11499,760	44,000
11507,761	37,000
11515,761	60,000
11523,761	54,000
11531,761	38,000
11539,761	37,000
11547,761	30,000
11555,762	27,000
11563,762	19,000
11571,762	21,000
11579,762	30,000
11587,762	25,000
11595,762	38,000
11603,763	16,000
11611,763	22,000
11619,763	19,000
11627,763	29,000
11635,763	33,000
11643,763	32,000
11651,764	28,000
11659,764	20,000
11667,764	19,000
11675,764	24,000
11683,764	19,000
11691,764	17,000
11699,765	19,000
11707,765	23,000
11715,765	18,000
11723,765	23,000
11731,765	19,000
11739,765	20,000
11747,766	23,000
11755,766	20,000
11763,766	27,000
11771,766	21,000
11779,766	23,000
11787,766	24,000
11795,767	18,000
11803,767	15,000
11811,767	18,000
11819,767	25,000
11827,767	21,000
11835,767	20,000
11843,768	14,000
11851,768	17,000
11859,768	18,000
11867,768	17,000
11875,768	26,000
11883,768	24,000
11891,769	17,000
11899,769	19,000
11907,769	24,000
11915,769	21,000
11923,769	12,000
11931,769	14,000
11939,770	18,000
11947,770	16,000
11955,770	14,000
11963,770	22,000
11971,770	19,000
11979,770	21,000
11987,771	18,000
11995,771	14,000
12003,771	19,000
12011,771	20,000
12019,771	16,000
12027,771	21,000
12035,772	12,000
12043,772	24,000
12051,772	19,000
12059,772	17,000
12067,772	21,000
12075,772	23,000
12083,773	27,000
12091,773	22,000
12099,773	15,000
12107,773	15,000
12115,773	15,000
12123,773	14,000
12131,774	19,000
12139,774	17,000
12147,774	9,000
12155,774	8,000
12163,774	15,000
12171,774	15,000
12179,775	18,000
12187,775	25,000
12195,775	23,000
12203,775	22,000
12211,775	18,000
12219,775	18,000
12227,776	23,000
12235,776	13,000
12243,776	19,000
12251,776	26,000
12259,776	28,000
12267,776	24,000
12275,777	21,000
12283,777	16,000
12291,777	12,000
12299,777	24,000
12307,777	16,000
12315,777	23,000
12323,778	26,000
12331,778	25,000
12339,778	29,000
12347,778	34,000
12355,778	33,000
12363,778	32,000
12371,779	38,000
12379,779	40,000
12387,779	42,000
12395,779	40,000
12403,779	35,000
12411,779	36,000
12419,780	34,000
12427,780	46,000
12435,780	41,000
12443,780	42,000
12451,780	43,000
12459,780	59,000
12467,781	49,000
12475,781	45,000
12483,781	43,000
12491,781	54,000
12499,781	50,000
12507,781	55,000
12515,782	47,000
12523,782	55,000
12531,782	44,000
12539,782	53,000
12547,782	51,000
12555,782	47,000
12563,783	49,000
12571,783	47,000
12579,783	37,000
12587,783	47,000
12595,783	45,000
12603,783	42,000
12611,784	44,000
12619,784	44,000
12627,784	45,000
12635,784	49,000
12643,784	36,000
12651,784	39,000
12659,785	28,000
12667,785	26,000
12675,785	27,000
12683,785	27,000
12691,785	33,000
12699,785	22,000
12707,786	22,000
12715,786	24,000
12723,786	29,000
12731,786	25,000
12739,786	18,000
12747,786	33,000
12755,787	24,000
12763,787	16,000
12771,787	15,000
12779,787	22,000
12787,787	13,000
12795,787	19,000
12803,788	13,000
12811,788	12,000
12819,788	12,000
12827,788	14,000
12835,788	8,000
12843,788	15,000
12851,789	11,000
12859,789	12,000
12867,789	5,000
12875,789	15,000
12883,789	16,000
12891,789	9,000
12899,790	8,000
12907,790	8,000
12915,790	11,000
12923,790	14,000
12931,790	7,000
12939,790	17,000
12947,791	3,000
12955,791	8,000
12963,791	8,000
12971,791	8,000
12979,791	10,000
12987,791	8,000
12995,792	10,000
13003,792	10,000
13011,792	11,000
13019,792	10,000
13027,792	12,000
13035,792	6,000
13043,793	16,000
13051,793	11,000
13059,793	11,000
13067,793	9,000
13075,793	13,000
13083,793	9,000
13091,794	12,000
13099,794	10,000
13107,794	9,000
13115,794	6,000
13123,794	5,000
13131,794	6,000
13139,795	5,000
13147,795	9,000
13155,795	8,000
13163,795	6,000
13171,795	4,000
13179,795	6,000
13187,796	8,000
13195,796	8,000
13203,796	11,000
13211,796	7,000
13219,796	8,000
13227,796	4,000
13235,797	7,000
13243,797	8,000
13251,797	7,000
13259,797	11,000
13267,797	9,000
13275,797	7,000
13283,798	6,000
13291,798	3,000
13299,798	2,000
13307,798	5,000
13315,798	3,000
13323,798	8,000
13331,799	6,000
13339,799	3,000
13347,799	14,000
13355,799	9,000
13363,799	10,000
13371,799	8,000
13379,800	4,000
13387,800	6,000
13395,800	10,000
13403,800	6,000
13411,800	7,000
13419,800	3,000
13427,801	12,000
13435,801	10,000
13443,801	6,000
13451,801	7,000
13459,801	6,000
13467,801	10,000
13475,802	7,000
13483,802	9,000
13491,802	6,000
13499,802	6,000
13507,802	13,000
13515,802	9,000
13523,803	8,000
13531,803	9,000
13539,803	9,000
13547,803	5,000
13555,803	10,000
13563,803	4,000
13571,804	9,000
13579,804	11,000
13587,804	8,000
13595,804	13,000
13603,804	19,000
13611,804	8,000
13619,805	11,000
13627,805	15,000
13635,805	11,000
13643,805	18,000
13651,805	19,000
13659,805	21,000
13667,806	9,000
13675,806	11,000
13683,806	13,000
13691,806	14,000
13699,806	11,000
13707,806	19,000
13715,807	13,000
13723,807	18,000
13731,807	22,000
13739,807	16,000
13747,807	19,000
13755,807	19,000
13763,808	21,000
13771,808	15,000
13779,808	11,000
13787,808	16,000
13795,808	24,000
13803,808	19,000
13811,809	18,000
13819,809	10,000
13827,809	14,000
13835,809	11,000
13843,809	22,000
13851,809	22,000
13859,810	18,000
13867,810	20,000
13875,810	15,000
13883,810	20,000
13891,810	11,000
13899,810	13,000
13907,811	14,000
13915,811	11,000
13923,811	21,000
13931,811	16,000
13939,811	19,000
13947,811	11,000
13955,812	7,000
13963,812	15,000
13971,812	4,000
13979,812	7,000
13987,812	11,000
13995,812	8,000
14003,813	9,000
14011,813	8,000
14019,813	10,000
14027,813	8,000
14035,813	6,000
14043,813	5,000
14051,814	7,000
14059,814	8,000
14067,814	2,000
14075,814	3,000
14083,814	9,000
14091,814	5,000
14099,815	5,000
14107,815	6,000
14115,815	7,000
14123,815	1,000
14131,815	7,000
14139,815	6,000
14147,816	1,000
14155,816	5,000
14163,816	5,000
14171,816	4,000
14179,816	4,000
14187,816	4,000
14195,817	3,000
14203,817	3,000
14211,817	4,000
14219,817	3,000
14227,817	4,000
14235,817	8,000
14243,818	5,000
14251,818	1,000
14259,818	3,000
14267,818	3,000
14275,818	5,000
14283,818	2,000
14291,819	4,000
14299,819	1,000
14307,819	6,000
14315,819	3,000
14323,819	4,000
14331,819	4,000
14339,820	5,000
14347,820	5,000
14355,820	5,000
14363,820	4,000
14371,820	0,000
14379,820	3,000
14387,821	4,000
14395,821	6,000
14403,821	9,000
14411,821	2,000
14419,821	3,000
14427,821	4,000
14435,822	3,000
14443,822	3,000
14451,822	3,000
14459,822	3,000
14467,822	2,000
14475,822	4,000
14483,823	1,000
14491,823	4,000
14499,823	4,000
14507,823	2,000
14515,823	3,000
14523,823	5,000
14531,824	5,000
14539,824	1,000
14547,824	2,000
14555,824	3,000
14563,824	3,000
14571,824	8,000
14579,825	2,000
14587,825	0,000
14595,825	3,000
14603,825	7,000
14611,825	3,000
14619,825	2,000
14627,826	3,000
14635,826	6,000
14643,826	1,000
14651,826	4,000
14659,826	2,000
14667,826	1,000
14675,827	2,000
14683,827	2,000
14691,827	4,000
14699,827	6,000
14707,827	4,000
14715,827	3,000
14723,828	4,000
14731,828	2,000
14739,828	4,000
14747,828	2,000
14755,828	5,000
14763,828	6,000
14771,829	1,000
14779,829	3,000
14787,829	6,000
14795,829	2,000
14803,829	3,000
14811,829	6,000
14819,830	8,000
14827,830	8,000
14835,830	4,000
14843,830	2,000
14851,830	7,000
14859,830	3,000
14867,831	8,000
14875,831	1,000
14883,831	1,000
14891,831	2,000
14899,831	4,000
14907,831	3,000
14915,832	2,000
14923,832	9,000
14931,832	13,000
14939,832	5,000
14947,832	5,000
14955,832	4,000
14963,833	4,000
14971,833	3,000
14979,833	7,000
14987,833	4,000
14995,833	7,000
15003,833	9,000
15011,834	10,000
15019,834	6,000
15027,834	11,000
15035,834	8,000
15043,834	3,000
15051,834	4,000
15059,835	6,000
15067,835	4,000
15075,835	7,000
15083,835	12,000
15091,835	7,000
15099,835	4,000
15107,836	2,000
15115,836	9,000
15123,836	5,000
15131,836	4,000
15139,836	2,000
15147,836	7,000
15155,837	6,000
15163,837	9,000
15171,837	3,000
15179,837	2,000
15187,837	8,000
15195,837	10,000
15203,838	9,000
15211,838	2,000
15219,838	5,000
15227,838	5,000
15235,838	5,000
15243,838	1,000
15251,839	3,000
15259,839	1,000
15267,839	4,000
15275,839	3,000
15283,839	1,000
15291,839	3,000
15299,840	1,000
15307,840	3,000
15315,840	0,000
15323,840	3,000
15331,840	5,000
15339,840	4,000
15347,841	0,000
15355,841	1,000
15363,841	1,000
15371,841	3,000
15379,841	1,000
15387,841	4,000
15395,842	1,000
15403,842	1,000
15411,842	2,000
15419,842	2,000
15427,842	1,000
15435,842	1,000
15443,843	0,000
15451,843	3,000
15459,843	6,000
15467,843	2,000
15475,843	1,000
15483,843	0,000
15491,844	1,000
15499,844	1,000
15507,844	1,000
15515,844	1,000
15523,844	1,000
15531,844	5,000
15539,845	3,000
15547,845	1,000
15555,845	0,000
15563,845	0,000
15571,845	2,000
15579,845	2,000
15587,846	0,000
15595,846	1,000
15603,846	0,000
15611,846	0,000
15619,846	1,000
15627,846	1,000
15635,847	2,000
15643,847	0,000
15651,847	1,000
15659,847	1,000
15667,847	0,000
15675,847	2,000
15683,848	2,000
15691,848	1,000
15699,848	0,000
15707,848	4,000
15715,848	1,000
15723,848	1,000
15731,849	2,000
15739,849	0,000
15747,849	1,000
15755,849	0,000
15763,849	2,000
15771,849	0,000
15779,850	3,000
15787,850	1,000
15795,850	1,000
15803,850	1,000
15811,850	0,000
15819,850	3,000
15827,851	0,000
15835,851	0,000
15843,851	0,000
15851,851	2,000
15859,851	1,000
15867,851	1,000
15875,852	1,000
15883,852	1,000
15891,852	0,000
15899,852	0,000
15907,852	0,000
15915,852	0,000
15923,853	2,000
15931,853	0,000
15939,853	0,000
15947,853	1,000
15955,853	1,000
15963,853	3,000
15971,854	0,000
15979,854	0,000
15987,854	1,000
15995,854	1,000
16003,854	2,000
16011,854	2,000
16019,855	0,000
16027,855	0,000
16035,855	0,000
16043,855	2,000
16051,855	1,000
16059,855	2,000
16067,856	2,000
16075,856	2,000
16083,856	0,000
16091,856	0,000
16099,856	4,000
16107,856	0,000
16115,857	0,000
16123,857	0,000
16131,857	3,000
16139,857	4,000
16147,857	1,000
16155,857	3,000
16163,858	2,000
16171,858	1,000
16179,858	0,000
16187,858	1,000
16195,858	1,000
16203,858	2,000
16211,859	4,000
16219,859	1,000
16227,859	5,000
16235,859	2,000
16243,859	5,000
16251,859	2,000
16259,860	4,000
16267,860	1,000
16275,860	2,000
16283,860	0,000
16291,860	3,000
16299,860	2,000
16307,861	4,000
16315,861	0,000
16323,861	1,000
16331,861	2,000
16339,861	2,000
16347,861	0,000
16355,862	2,000
16363,862	0,000
16371,862	2,000
16379,862	2,000
16387,862	2,000
16395,862	3,000
16403,863	2,000
16411,863	0,000
16419,863	1,000
16427,863	1,000
16435,863	2,000
16443,863	0,000
16451,864	1,000
16459,864	3,000
16467,864	1,000
16475,864	1,000
16483,864	2,000
16491,864	2,000
16499,865	1,000
16507,865	0,000
16515,865	0,000
16523,865	1,000
16531,865	2,000
16539,865	0,000
16547,866	4,000
16555,866	0,000
16563,866	0,000
16571,866	1,000
16579,866	1,000
16587,866	2,000
16595,867	0,000
16603,867	0,000
16611,867	1,000
16619,867	3,000
16627,867	0,000
16635,867	0,000
16643,868	0,000
16651,868	1,000
16659,868	1,000
16667,868	0,000
16675,868	0,000
16683,868	0,000
16691,869	0,000
16699,869	1,000
16707,869	0,000
16715,869	0,000
16723,869	0,000
16731,869	0,000
16739,870	1,000
16747,870	2,000
16755,870	1,000
16763,870	0,000
16771,870	1,000
16779,870	0,000
16787,871	0,000
16795,871	0,000
16803,871	2,000
16811,871	0,000
16819,871	0,000
16827,871	0,000
16835,872	0,000
16843,872	0,000
16851,872	0,000
16859,872	1,000
16867,872	0,000
16875,872	0,000
16883,873	1,000
16891,873	1,000
16899,873	1,000
16907,873	0,000
16915,873	0,000
16923,873	0,000
16931,874	1,000
16939,874	0,000
16947,874	2,000
16955,874	0,000
16963,874	0,000
16971,874	0,000
16979,875	0,000
16987,875	0,000
16995,875	1,000
17003,875	1,000
17011,875	1,000
17019,875	0,000
17027,876	1,000
17035,876	0,000
17043,876	0,000
17051,876	0,000
17059,876	0,000
17067,876	1,000
17075,877	0,000
17083,877	0,000
17091,877	0,000
17099,877	0,000
17107,877	1,000
17115,877	1,000
17123,878	0,000
17131,878	1,000
17139,878	0,000
17147,878	0,000
17155,878	1,000
17163,878	0,000
17171,879	0,000
17179,879	0,000
17187,879	0,000
17195,879	0,000
17203,879	0,000
17211,879	2,000
17219,880	2,000
17227,880	0,000
17235,880	1,000
17243,880	0,000
17251,880	0,000
17259,880	0,000
17267,881	1,000
17275,881	0,000
17283,881	1,000
17291,881	0,000
17299,881	0,000
17307,881	0,000
17315,882	0,000
17323,882	0,000
17331,882	1,000
17339,882	0,000
17347,882	0,000
17355,882	0,000
17363,883	0,000
17371,883	0,000
17379,883	0,000
17387,883	0,000
17395,883	3,000
17403,883	0,000
17411,884	0,000
17419,884	0,000
17427,884	0,000
17435,884	0,000
17443,884	0,000
17451,884	0,000
17459,885	0,000
17467,885	1,000
17475,885	0,000
17483,885	2,000
17491,885	0,000
17499,885	0,000
17507,886	0,000
17515,886	0,000
17523,886	1,000
17531,886	0,000
17539,886	1,000
17547,886	0,000
17555,887	1,000
17563,887	0,000
17571,887	0,000
17579,887	0,000
17587,887	0,000
17595,887	0,000
17603,888	0,000
17611,888	0,000
17619,888	0,000
17627,888	0,000
17635,888	0,000
17643,888	0,000
17651,889	0,000
17659,889	0,000
17667,889	1,000
17675,889	0,000
17683,889	0,000
17691,889	0,000
17699,890	0,000
17707,890	0,000
17715,890	1,000
17723,890	1,000
17731,890	0,000
17739,890	0,000
17747,891	0,000
17755,891	0,000
17763,891	0,000
17771,891	0,000
17779,891	0,000
17787,891	1,000
17795,892	0,000
17803,892	0,000
17811,892	2,000
17819,892	0,000
17827,892	0,000
17835,892	0,000
17843,893	0,000
17851,893	0,000
17859,893	0,000
17867,893	0,000
17875,893	0,000
17883,893	0,000
17891,894	0,000
17899,894	0,000
17907,894	0,000
17915,894	0,000
17923,894	0,000
17931,894	0,000
17939,895	0,000
17947,895	0,000
17955,895	0,000
17963,895	0,000
17971,895	0,000
17979,895	0,000
17987,896	0,000
17995,896	1,000
18003,896	0,000
18011,896	1,000
18019,896	0,000
18027,896	0,000
18035,897	0,000
18043,897	0,000
18051,897	0,000
18059,897	0,000
18067,897	0,000
18075,897	0,000
18083,898	0,000
18091,898	0,000
18099,898	1,000
18107,898	0,000
18115,898	0,000
18123,898	0,000
18131,899	0,000
18139,899	0,000
18147,899	0,000
18155,899	0,000
18163,899	0,000
18171,899	0,000
18179,900	0,000
18187,900	0,000
18195,900	0,000
18203,900	1,000
18211,900	0,000
18219,900	0,000
18227,901	0,000
18235,901	0,000
18243,901	0,000
18251,901	0,000
18259,901	0,000
18267,901	0,000
18275,902	0,000
18283,902	0,000
18291,902	0,000
18299,902	0,000
18307,902	0,000
18315,902	0,000
18323,903	0,000
18331,903	0,000
18339,903	0,000
18347,903	0,000
18355,903	0,000
18363,903	0,000
18371,904	0,000
18379,904	0,000
18387,904	0,000
18395,904	0,000
18403,904	1,000
18411,904	0,000
18419,905	0,000
18427,905	0,000
18435,905	0,000
18443,905	0,000
18451,905	0,000
18459,905	1,000
18467,906	0,000
18475,906	0,000
18483,906	0,000
18491,906	0,000
18499,906	0,000
18507,906	0,000
18515,907	1,000
18523,907	0,000
18531,907	0,000
18539,907	1,000
18547,907	0,000
18555,907	0,000
18563,908	0,000
18571,908	0,000
18579,908	0,000
18587,908	1,000
18595,908	0,000
18603,908	0,000
18611,909	0,000
18619,909	0,000
18627,909	0,000
18635,909	1,000
18643,909	0,000
18651,909	0,000
18659,910	0,000
18667,910	1,000
18675,910	0,000
18683,910	0,000
18691,910	0,000
18699,910	0,000
18707,911	0,000
18715,911	0,000
18723,911	0,000
18731,911	0,000
18739,911	0,000
18747,911	0,000
18755,912	0,000
18763,912	0,000
18771,912	0,000
18779,912	0,000
18787,912	0,000
18795,912	0,000
18803,913	0,000
18811,913	1,000
18819,913	0,000
18827,913	0,000
18835,913	1,000
18843,913	0,000
18851,914	0,000
18859,914	0,000
18867,914	0,000
18875,914	0,000
18883,914	0,000
18891,914	0,000
18899,915	0,000
18907,915	1,000
18915,915	0,000
18923,915	0,000
18931,915	0,000
18939,915	0,000
18947,916	0,000
18955,916	0,000
18963,916	0,000
18971,916	0,000
18979,916	0,000
18987,916	0,000
18995,917	1,000
19003,917	0,000
19011,917	0,000
19019,917	0,000
19027,917	0,000
19035,917	0,000
19043,918	0,000
19051,918	0,000
19059,918	0,000
19067,918	0,000
19075,918	0,000
19083,918	0,000
19091,919	0,000
19099,919	0,000
19107,919	0,000
19115,919	0,000
19123,919	0,000
19131,919	0,000
19139,920	0,000
19147,920	0,000
19155,920	0,000
19163,920	0,000
19171,920	0,000
19179,920	0,000
19187,921	1,000
19195,921	0,000
19203,921	0,000
19211,921	0,000
19219,921	0,000
19227,921	0,000
19235,922	0,000
19243,922	0,000
19251,922	0,000
19259,922	0,000
19267,922	0,000
19275,922	0,000
19283,923	0,000
19291,923	0,000
19299,923	0,000
19307,923	0,000
19315,923	0,000
19323,923	0,000
19331,924	0,000
19339,924	0,000
19347,924	0,000
19355,924	0,000
19363,924	0,000
19371,924	0,000
19379,925	0,000
19387,925	0,000
19395,925	0,000
19403,925	0,000
19411,925	0,000
19419,925	0,000
19427,926	0,000
19435,926	0,000
19443,926	0,000
19451,926	0,000
19459,926	0,000
19467,926	0,000
19475,927	0,000
19483,927	0,000
19491,927	1,000
19499,927	0,000
19507,927	0,000
19515,927	0,000
19523,928	0,000
19531,928	0,000
19539,928	0,000
19547,928	0,000
19555,928	0,000
19563,928	0,000
19571,929	0,000
19579,929	0,000
19587,929	0,000
19595,929	0,000
19603,929	0,000
19611,929	0,000
19619,930	0,000
19627,930	0,000
19635,930	0,000
19643,930	0,000
19651,930	0,000
19659,930	0,000
19667,931	0,000
19675,931	0,000
19683,931	0,000
19691,931	0,000
19699,931	0,000
19707,931	0,000
19715,932	0,000
19723,932	0,000
19731,932	0,000
19739,932	0,000
19747,932	0,000
19755,932	0,000
19763,933	1,000
19771,933	0,000
19779,933	0,000
19787,933	0,000
19795,933	0,000
19803,933	1,000
19811,934	0,000
19819,934	0,000
19827,934	0,000
19835,934	0,000
19843,934	0,000
19851,934	0,000
19859,935	0,000
19867,935	0,000
19875,935	0,000
19883,935	0,000
19891,935	0,000
19899,935	0,000
19907,936	0,000
19915,936	0,000
19923,936	0,000
19931,936	0,000
19939,936	0,000
19947,936	0,000
19955,937	0,000
19963,937	0,000
19971,937	0,000
19979,937	0,000
19987,937	0,000
19995,937	0,000
20003,938	0,000
20011,938	0,000
20019,938	0,000
20027,938	0,000
20035,938	0,000
20043,938	0,000
20051,939	0,000
20059,939	0,000
20067,939	0,000
20075,939	0,000
20083,939	0,000
20091,939	0,000
20099,940	1,000
20107,940	0,000
20115,940	0,000
20123,940	0,000
20131,940	0,000
20139,940	0,000
20147,941	1,000
20155,941	0,000
20163,941	0,000
20171,941	0,000
20179,941	0,000
20187,941	0,000
20195,942	0,000
20203,942	0,000
20211,942	0,000
20219,942	0,000
20227,942	0,000
20235,942	0,000
20243,943	0,000
20251,943	0,000
20259,943	0,000
20267,943	0,000
20275,943	0,000
20283,943	0,000
20291,944	0,000
20299,944	0,000
20307,944	0,000
20315,944	0,000
20323,944	1,000
20331,944	0,000
20339,945	0,000
20347,945	0,000
20355,945	0,000
20363,945	0,000
20371,945	0,000
20379,945	0,000
20387,946	0,000
20395,946	0,000
20403,946	0,000
20411,946	0,000
20419,946	0,000
20427,946	0,000
20435,947	0,000
20443,947	0,000
20451,947	0,000
20459,947	0,000
20467,947	0,000
20475,947	0,000
20483,948	0,000
20491,948	0,000
20499,948	0,000
20507,948	0,000
20515,948	0,000
20523,948	0,000
20531,949	0,000
20539,949	0,000
20547,949	0,000
20555,949	0,000
20563,949	0,000
20571,949	0,000
20579,950	0,000
20587,950	0,000
20595,950	1,000
20603,950	0,000
20611,950	0,000
20619,950	0,000
20627,951	0,000
20635,951	0,000
20643,951	0,000
20651,951	0,000
20659,951	1,000
20667,951	0,000
20675,952	0,000
20683,952	0,000
20691,952	0,000
20699,952	0,000
20707,952	0,000
20715,952	0,000
20723,953	0,000
20731,953	0,000
20739,953	0,000
20747,953	0,000
20755,953	0,000
20763,953	0,000
20771,954	0,000
20779,954	0,000
20787,954	0,000
20795,954	0,000
20803,954	0,000
20811,954	0,000
20819,955	0,000
20827,955	0,000
20835,955	0,000
20843,955	0,000
20851,955	0,000
20859,955	0,000
20867,956	0,000
20875,956	0,000
20883,956	0,000
20891,956	0,000
20899,956	0,000
20907,956	0,000
20915,957	0,000
20923,957	0,000
20931,957	0,000
20939,957	0,000
20947,957	0,000
20955,957	0,000
20963,958	0,000
20971,958	0,000
20979,958	0,000
20987,958	1,000
20995,958	0,000
21003,958	0,000
21011,959	0,000
21019,959	0,000
21027,959	0,000
21035,959	0,000
21043,959	0,000
21051,959	0,000
21059,960	0,000
21067,960	0,000
21075,960	0,000
21083,960	0,000
21091,960	0,000
21099,960	0,000
21107,961	0,000
21115,961	0,000
21123,961	0,000
21131,961	0,000
21139,961	0,000
21147,961	0,000
21155,962	0,000
21163,962	0,000
21171,962	0,000
21179,962	0,000
21187,962	0,000
21195,962	0,000
21203,963	0,000
21211,963	0,000
21219,963	0,000
21227,963	0,000
21235,963	0,000
21243,963	0,000
21251,964	0,000
21259,964	0,000
21267,964	0,000
21275,964	0,000
21283,964	0,000
21291,964	1,000
21299,965	0,000
21307,965	0,000
21315,965	0,000
21323,965	0,000
21331,965	0,000
21339,965	0,000
21347,966	0,000
21355,966	0,000
21363,966	0,000
21371,966	0,000
21379,966	0,000
21387,966	0,000
21395,967	0,000
21403,967	0,000
21411,967	0,000
21419,967	0,000
21427,967	0,000
21435,967	0,000
21443,968	0,000
21451,968	0,000
21459,968	0,000
21467,968	0,000
21475,968	0,000
21483,968	0,000
21491,969	0,000
21499,969	0,000
21507,969	0,000
21515,969	0,000
21523,969	0,000
21531,969	0,000
21539,970	0,000
21547,970	0,000
21555,970	0,000
21563,970	0,000
21571,970	0,000
21579,970	0,000
21587,971	0,000
21595,971	0,000
21603,971	0,000
21611,971	0,000
21619,971	0,000
21627,971	0,000
21635,972	0,000
21643,972	0,000
21651,972	0,000
21659,972	0,000
21667,972	0,000
21675,972	0,000
21683,973	0,000
21691,973	0,000
21699,973	0,000
21707,973	0,000
21715,973	0,000
21723,973	0,000
21731,974	0,000
21739,974	0,000
21747,974	0,000
21755,974	0,000
21763,974	0,000
21771,974	0,000
21779,975	0,000
21787,975	0,000
21795,975	0,000
21803,975	0,000
21811,975	0,000
21819,975	0,000
21827,976	0,000
21835,976	0,000
21843,976	0,000
21851,976	0,000
21859,976	0,000
21867,976	0,000
21875,977	0,000
21883,977	0,000
21891,977	0,000
21899,977	0,000
21907,977	0,000
21915,977	0,000
21923,978	0,000
21931,978	0,000
21939,978	0,000
21947,978	0,000
21955,978	0,000
21963,978	0,000
21971,979	0,000
21979,979	0,000
21987,979	0,000
21995,979	0,000
22003,979	0,000
22011,979	0,000
22019,980	0,000
22027,980	0,000
22035,980	0,000
22043,980	0,000
22051,980	0,000
22059,980	0,000
22067,981	0,000
22075,981	0,000
22083,981	0,000
22091,981	0,000
22099,981	0,000
22107,981	0,000
22115,982	0,000
22123,982	0,000
22131,982	0,000
22139,982	0,000
22147,982	0,000
22155,982	0,000
22163,983	0,000
22171,983	0,000
22179,983	0,000
22187,983	0,000
22195,983	0,000
22203,983	0,000
22211,984	0,000
22219,984	0,000
22227,984	0,000
22235,984	0,000
22243,984	0,000
22251,984	0,000
22259,985	0,000
22267,985	0,000
22275,985	0,000
22283,985	0,000
22291,985	0,000
22299,985	0,000
22307,986	0,000
22315,986	0,000
22323,986	0,000
22331,986	0,000
22339,986	0,000
22347,986	0,000
22355,987	0,000
22363,987	0,000
22371,987	0,000
22379,987	0,000
22387,987	0,000
22395,987	0,000
22403,988	0,000
22411,988	0,000
22419,988	0,000
22427,988	0,000
22435,988	0,000
22443,988	0,000
22451,989	0,000
22459,989	0,000
22467,989	0,000
22475,989	0,000
22483,989	0,000
22491,989	0,000
22499,990	0,000
22507,990	0,000
22515,990	0,000
22523,990	0,000
22531,990	0,000
22539,990	0,000
22547,991	0,000
22555,991	0,000
22563,991	0,000
22571,991	0,000
22579,991	0,000
22587,991	0,000
22595,992	0,000
22603,992	0,000
22611,992	0,000
22619,992	0,000
22627,992	0,000
22635,992	0,000
22643,993	0,000
22651,993	0,000
22659,993	0,000
22667,993	0,000
22675,993	0,000
22683,993	0,000
22691,994	0,000
22699,994	0,000
22707,994	0,000
22715,994	0,000
22723,994	0,000
22731,994	0,000
22739,995	0,000
22747,995	0,000
22755,995	0,000
22763,995	0,000
22771,995	0,000
22779,995	0,000
22787,996	0,000
22795,996	0,000
22803,996	0,000
22811,996	0,000
22819,996	0,000
22827,996	0,000
22835,997	0,000
22843,997	0,000
22851,997	0,000
22859,997	0,000
22867,997	0,000
22875,997	0,000
22883,998	0,000
22891,998	0,000
22899,998	0,000
22907,998	0,000
22915,998	0,000
22923,998	0,000
22931,999	0,000
22939,999	0,000
22947,999	0,000
22955,999	0,000
22963,999	0,000
22971,999	0,000
22980,000	0,000
22988,000	0,000
22996,000	0,000
