220003,500	0,000
220011,500	0,000
220019,500	0,000
220027,501	0,000
220035,501	0,000
220043,501	0,000
220051,501	0,000
220059,501	0,000
220067,501	0,000
220075,502	0,000
220083,502	0,000
220091,502	0,000
220099,502	0,000
220107,502	0,000
220115,502	0,000
220123,503	0,000
220131,503	0,000
220139,503	0,000
220147,503	0,000
220155,503	0,000
220163,503	0,000
220171,504	0,000
220179,504	0,000
220187,504	0,000
220195,504	0,000
220203,504	0,000
220211,504	0,000
220219,505	0,000
220227,505	0,000
220235,505	0,000
220243,505	0,000
220251,505	0,000
220259,505	0,000
220267,506	0,000
220275,506	0,000
220283,506	0,000
220291,506	0,000
220299,506	0,000
220307,506	0,000
220315,507	0,000
220323,507	0,000
220331,507	0,000
220339,507	0,000
220347,507	0,000
220355,507	0,000
220363,508	0,000
220371,508	0,000
220379,508	0,000
220387,508	0,000
220395,508	0,000
220403,508	0,000
220411,509	0,000
220419,509	0,000
220427,509	0,000
220435,509	0,000
220443,509	0,000
220451,509	0,000
220459,510	0,000
220467,510	0,000
220475,510	0,000
220483,510	0,000
220491,510	0,000
220499,510	0,000
220507,511	0,000
220515,511	0,000
220523,511	0,000
220531,511	0,000
220539,511	0,000
220547,511	0,000
220555,512	0,000
220563,512	0,000
220571,512	0,000
220579,512	0,000
220587,512	0,000
220595,512	0,000
220603,513	0,000
220611,513	0,000
220619,513	0,000
220627,513	0,000
220635,513	0,000
220643,513	0,000
220651,514	0,000
220659,514	0,000
220667,514	0,000
220675,514	0,000
220683,514	0,000
220691,514	0,000
220699,515	0,000
220707,515	0,000
220715,515	0,000
220723,515	0,000
220731,515	0,000
220739,515	0,000
220747,516	0,000
220755,516	0,000
220763,516	0,000
220771,516	0,000
220779,516	0,000
220787,516	0,000
220795,517	0,000
220803,517	0,000
220811,517	0,000
220819,517	0,000
220827,517	0,000
220835,517	0,000
220843,518	0,000
220851,518	0,000
220859,518	0,000
220867,518	0,000
220875,518	0,000
220883,518	0,000
220891,519	0,000
220899,519	0,000
220907,519	0,000
220915,519	0,000
220923,519	0,000
220931,519	0,000
220939,520	0,000
220947,520	0,000
220955,520	0,000
220963,520	0,000
220971,520	0,000
220979,520	0,000
220987,521	0,000
220995,521	0,000
221003,521	0,000
221011,521	0,000
221019,521	0,000
221027,521	0,000
221035,522	0,000
221043,522	0,000
221051,522	0,000
221059,522	0,000
221067,522	0,000
221075,522	0,000
221083,523	0,000
221091,523	0,000
221099,523	0,000
221107,523	0,000
221115,523	0,000
221123,523	0,000
221131,524	0,000
221139,524	0,000
221147,524	0,000
221155,524	0,000
221163,524	0,000
221171,524	0,000
221179,525	0,000
221187,525	0,000
221195,525	0,000
221203,525	0,000
221211,525	0,000
221219,525	0,000
221227,526	0,000
221235,526	0,000
221243,526	0,000
221251,526	0,000
221259,526	0,000
221267,526	0,000
221275,527	0,000
221283,527	0,000
221291,527	0,000
221299,527	0,000
221307,527	0,000
221315,527	0,000
221323,528	0,000
221331,528	0,000
221339,528	0,000
221347,528	0,000
221355,528	0,000
221363,528	0,000
221371,529	0,000
221379,529	0,000
221387,529	0,000
221395,529	0,000
221403,529	0,000
221411,529	0,000
221419,530	0,000
221427,530	0,000
221435,530	0,000
221443,530	0,000
221451,530	0,000
221459,530	0,000
221467,531	0,000
221475,531	0,000
221483,531	0,000
221491,531	0,000
221499,531	0,000
221507,531	0,000
221515,532	0,000
221523,532	0,000
221531,532	0,000
221539,532	0,000
221547,532	0,000
221555,532	0,000
221563,533	0,000
221571,533	0,000
221579,533	0,000
221587,533	0,000
221595,533	0,000
221603,533	0,000
221611,534	0,000
221619,534	0,000
221627,534	0,000
221635,534	0,000
221643,534	0,000
221651,534	0,000
221659,535	0,000
221667,535	0,000
221675,535	0,000
221683,535	0,000
221691,535	0,000
221699,535	0,000
221707,536	0,000
221715,536	0,000
221723,536	0,000
221731,536	0,000
221739,536	0,000
221747,536	0,000
221755,537	0,000
221763,537	0,000
221771,537	0,000
221779,537	0,000
221787,537	0,000
221795,537	0,000
221803,538	0,000
221811,538	0,000
221819,538	0,000
221827,538	0,000
221835,538	0,000
221843,538	0,000
221851,539	0,000
221859,539	0,000
221867,539	0,000
221875,539	0,000
221883,539	0,000
221891,539	0,000
221899,540	0,000
221907,540	0,000
221915,540	0,000
221923,540	0,000
221931,540	0,000
221939,540	0,000
221947,541	0,000
221955,541	0,000
221963,541	0,000
221971,541	0,000
221979,541	0,000
221987,541	0,000
221995,542	0,000
222003,542	0,000
222011,542	0,000
222019,542	0,000
222027,542	0,000
222035,542	0,000
222043,543	0,000
222051,543	0,000
222059,543	0,000
222067,543	0,000
222075,543	0,000
222083,543	0,000
222091,544	0,000
222099,544	0,000
222107,544	0,000
222115,544	0,000
222123,544	0,000
222131,544	0,000
222139,545	0,000
222147,545	0,000
222155,545	0,000
222163,545	0,000
222171,545	0,000
222179,545	0,000
222187,546	0,000
222195,546	0,000
222203,546	0,000
222211,546	0,000
222219,546	0,000
222227,546	0,000
222235,547	0,000
222243,547	0,000
222251,547	0,000
222259,547	0,000
222267,547	0,000
222275,547	0,000
222283,548	0,000
222291,548	0,000
222299,548	0,000
222307,548	0,000
222315,548	0,000
222323,548	0,000
222331,549	0,000
222339,549	0,000
222347,549	0,000
222355,549	0,000
222363,549	0,000
222371,549	0,000
222379,550	0,000
222387,550	0,000
222395,550	0,000
222403,550	0,000
222411,550	0,000
222419,550	0,000
222427,551	0,000
222435,551	0,000
222443,551	0,000
222451,551	0,000
222459,551	0,000
222467,551	0,000
222475,552	0,000
222483,552	0,000
222491,552	0,000
222499,552	0,000
222507,552	0,000
222515,552	1,000
222523,553	0,000
222531,553	0,000
222539,553	0,000
222547,553	0,000
222555,553	0,000
222563,553	0,000
222571,554	0,000
222579,554	0,000
222587,554	0,000
222595,554	0,000
222603,554	0,000
222611,554	0,000
222619,555	0,000
222627,555	0,000
222635,555	0,000
222643,555	0,000
222651,555	0,000
222659,555	0,000
222667,556	0,000
222675,556	0,000
222683,556	0,000
222691,556	0,000
222699,556	0,000
222707,556	0,000
222715,557	0,000
222723,557	0,000
222731,557	0,000
222739,557	0,000
222747,557	0,000
222755,557	0,000
222763,558	0,000
222771,558	0,000
222779,558	0,000
222787,558	0,000
222795,558	0,000
222803,558	0,000
222811,559	0,000
222819,559	0,000
222827,559	0,000
222835,559	0,000
222843,559	0,000
222851,559	0,000
222859,560	0,000
222867,560	0,000
222875,560	0,000
222883,560	0,000
222891,560	0,000
222899,560	0,000
222907,561	0,000
222915,561	0,000
222923,561	0,000
222931,561	0,000
222939,561	0,000
222947,561	0,000
222955,562	0,000
222963,562	0,000
222971,562	0,000
222979,562	0,000
222987,562	0,000
222995,562	0,000
223003,563	0,000
223011,563	0,000
223019,563	0,000
223027,563	0,000
223035,563	0,000
223043,563	0,000
223051,564	0,000
223059,564	0,000
223067,564	0,000
223075,564	0,000
223083,564	0,000
223091,564	0,000
223099,565	0,000
223107,565	0,000
223115,565	0,000
223123,565	0,000
223131,565	0,000
223139,565	0,000
223147,566	0,000
223155,566	0,000
223163,566	0,000
223171,566	0,000
223179,566	0,000
223187,566	0,000
223195,567	0,000
223203,567	0,000
223211,567	0,000
223219,567	0,000
223227,567	0,000
223235,567	0,000
223243,568	0,000
223251,568	0,000
223259,568	0,000
223267,568	0,000
223275,568	0,000
223283,568	0,000
223291,569	0,000
223299,569	0,000
223307,569	0,000
223315,569	0,000
223323,569	0,000
223331,569	0,000
223339,570	0,000
223347,570	0,000
223355,570	0,000
223363,570	0,000
223371,570	0,000
223379,570	0,000
223387,571	0,000
223395,571	0,000
223403,571	0,000
223411,571	0,000
223419,571	0,000
223427,571	0,000
223435,572	0,000
223443,572	0,000
223451,572	0,000
223459,572	0,000
223467,572	0,000
223475,572	0,000
223483,573	0,000
223491,573	0,000
223499,573	0,000
223507,573	0,000
223515,573	0,000
223523,573	0,000
223531,574	0,000
223539,574	0,000
223547,574	0,000
223555,574	0,000
223563,574	0,000
223571,574	0,000
223579,575	0,000
223587,575	0,000
223595,575	0,000
223603,575	0,000
223611,575	0,000
223619,575	0,000
223627,576	0,000
223635,576	0,000
223643,576	0,000
223651,576	0,000
223659,576	0,000
223667,576	0,000
223675,577	0,000
223683,577	0,000
223691,577	0,000
223699,577	0,000
223707,577	0,000
223715,577	0,000
223723,578	0,000
223731,578	0,000
223739,578	0,000
223747,578	0,000
223755,578	0,000
223763,578	0,000
223771,579	0,000
223779,579	0,000
223787,579	0,000
223795,579	0,000
223803,579	0,000
223811,579	0,000
223819,580	0,000
223827,580	0,000
223835,580	0,000
223843,580	0,000
223851,580	0,000
223859,580	0,000
223867,581	0,000
223875,581	0,000
223883,581	0,000
223891,581	0,000
223899,581	0,000
223907,581	0,000
223915,582	0,000
223923,582	0,000
223931,582	0,000
223939,582	0,000
223947,582	0,000
223955,582	0,000
223963,583	0,000
223971,583	0,000
223979,583	0,000
223987,583	0,000
223995,583	0,000
224003,583	0,000
224011,584	0,000
224019,584	0,000
224027,584	0,000
224035,584	0,000
224043,584	0,000
224051,584	0,000
224059,585	0,000
224067,585	0,000
224075,585	0,000
224083,585	0,000
224091,585	0,000
224099,585	0,000
224107,586	0,000
224115,586	0,000
224123,586	0,000
224131,586	0,000
224139,586	0,000
224147,586	0,000
224155,587	0,000
224163,587	0,000
224171,587	0,000
224179,587	0,000
224187,587	0,000
224195,587	0,000
224203,588	0,000
224211,588	0,000
224219,588	0,000
224227,588	0,000
224235,588	0,000
224243,588	0,000
224251,589	0,000
224259,589	0,000
224267,589	0,000
224275,589	0,000
224283,589	0,000
224291,589	0,000
224299,590	0,000
224307,590	0,000
224315,590	0,000
224323,590	0,000
224331,590	0,000
224339,590	0,000
224347,591	0,000
224355,591	0,000
224363,591	0,000
224371,591	0,000
224379,591	0,000
224387,591	0,000
224395,592	0,000
224403,592	0,000
224411,592	0,000
224419,592	0,000
224427,592	0,000
224435,592	0,000
224443,593	0,000
224451,593	0,000
224459,593	0,000
224467,593	0,000
224475,593	0,000
224483,593	0,000
224491,594	0,000
224499,594	0,000
224507,594	0,000
224515,594	0,000
224523,594	0,000
224531,594	0,000
224539,595	0,000
224547,595	0,000
224555,595	0,000
224563,595	0,000
224571,595	0,000
224579,595	0,000
224587,596	0,000
224595,596	0,000
224603,596	0,000
224611,596	0,000
224619,596	0,000
224627,596	0,000
224635,597	0,000
224643,597	0,000
224651,597	0,000
224659,597	0,000
224667,597	0,000
224675,597	0,000
224683,598	0,000
224691,598	0,000
224699,598	0,000
224707,598	0,000
224715,598	0,000
224723,598	0,000
224731,599	0,000
224739,599	0,000
224747,599	0,000
224755,599	0,000
224763,599	0,000
224771,599	0,000
224779,600	0,000
224787,600	0,000
224795,600	0,000
224803,600	0,000
224811,600	0,000
224819,600	0,000
224827,601	0,000
224835,601	0,000
224843,601	0,000
224851,601	0,000
224859,601	0,000
224867,601	0,000
224875,602	0,000
224883,602	0,000
224891,602	0,000
224899,602	0,000
224907,602	0,000
224915,602	0,000
224923,603	0,000
224931,603	0,000
224939,603	0,000
224947,603	0,000
224955,603	0,000
224963,603	0,000
224971,604	0,000
224979,604	0,000
224987,604	0,000
224995,604	0,000
225003,604	0,000
225011,604	0,000
225019,605	0,000
225027,605	0,000
225035,605	0,000
225043,605	0,000
225051,605	0,000
225059,605	0,000
225067,606	0,000
225075,606	0,000
225083,606	0,000
225091,606	0,000
225099,606	0,000
225107,606	0,000
225115,607	0,000
225123,607	0,000
225131,607	0,000
225139,607	0,000
225147,607	0,000
225155,607	0,000
225163,608	0,000
225171,608	0,000
225179,608	0,000
225187,608	0,000
225195,608	0,000
225203,608	0,000
225211,609	0,000
225219,609	0,000
225227,609	0,000
225235,609	0,000
225243,609	0,000
225251,609	0,000
225259,610	0,000
225267,610	0,000
225275,610	0,000
225283,610	0,000
225291,610	0,000
225299,610	0,000
225307,611	0,000
225315,611	0,000
225323,611	0,000
225331,611	0,000
225339,611	0,000
225347,611	0,000
225355,612	0,000
225363,612	0,000
225371,612	0,000
225379,612	0,000
225387,612	0,000
225395,612	0,000
225403,613	0,000
225411,613	0,000
225419,613	0,000
225427,613	0,000
225435,613	0,000
225443,613	0,000
225451,614	0,000
225459,614	0,000
225467,614	0,000
225475,614	0,000
225483,614	0,000
225491,614	0,000
225499,615	0,000
225507,615	0,000
225515,615	0,000
225523,615	0,000
225531,615	0,000
225539,615	0,000
225547,616	0,000
225555,616	0,000
225563,616	0,000
225571,616	0,000
225579,616	0,000
225587,616	0,000
225595,617	0,000
225603,617	0,000
225611,617	0,000
225619,617	0,000
225627,617	0,000
225635,617	0,000
225643,618	0,000
225651,618	0,000
225659,618	0,000
225667,618	0,000
225675,618	0,000
225683,618	0,000
225691,619	0,000
225699,619	0,000
225707,619	0,000
225715,619	0,000
225723,619	0,000
225731,619	0,000
225739,620	0,000
225747,620	0,000
225755,620	0,000
225763,620	0,000
225771,620	0,000
225779,620	0,000
225787,621	0,000
225795,621	0,000
225803,621	0,000
225811,621	0,000
225819,621	0,000
225827,621	0,000
225835,622	0,000
225843,622	0,000
225851,622	0,000
225859,622	0,000
225867,622	0,000
225875,622	0,000
225883,623	0,000
225891,623	0,000
225899,623	0,000
225907,623	0,000
225915,623	0,000
225923,623	0,000
225931,624	0,000
225939,624	0,000
225947,624	0,000
225955,624	0,000
225963,624	0,000
225971,624	0,000
225979,625	0,000
225987,625	0,000
225995,625	0,000
226003,625	0,000
226011,625	0,000
226019,625	0,000
226027,626	0,000
226035,626	0,000
226043,626	0,000
226051,626	0,000
226059,626	0,000
226067,626	0,000
226075,627	0,000
226083,627	0,000
226091,627	0,000
226099,627	0,000
226107,627	0,000
226115,627	0,000
226123,628	0,000
226131,628	0,000
226139,628	0,000
226147,628	0,000
226155,628	0,000
226163,628	0,000
226171,629	0,000
226179,629	0,000
226187,629	0,000
226195,629	0,000
226203,629	0,000
226211,629	0,000
226219,630	0,000
226227,630	0,000
226235,630	0,000
226243,630	0,000
226251,630	0,000
226259,630	0,000
226267,631	0,000
226275,631	0,000
226283,631	0,000
226291,631	0,000
226299,631	0,000
226307,631	0,000
226315,632	0,000
226323,632	0,000
226331,632	0,000
226339,632	0,000
226347,632	0,000
226355,632	0,000
226363,633	0,000
226371,633	0,000
226379,633	0,000
226387,633	0,000
226395,633	0,000
226403,633	0,000
226411,634	0,000
226419,634	0,000
226427,634	0,000
226435,634	0,000
226443,634	0,000
226451,634	0,000
226459,635	0,000
226467,635	0,000
226475,635	0,000
226483,635	0,000
226491,635	0,000
226499,635	0,000
226507,636	0,000
226515,636	0,000
226523,636	0,000
226531,636	0,000
226539,636	0,000
226547,636	0,000
226555,637	0,000
226563,637	0,000
226571,637	0,000
226579,637	0,000
226587,637	0,000
226595,637	0,000
226603,638	0,000
226611,638	0,000
226619,638	0,000
226627,638	0,000
226635,638	0,000
226643,638	0,000
226651,639	0,000
226659,639	0,000
226667,639	0,000
226675,639	0,000
226683,639	0,000
226691,639	0,000
226699,640	0,000
226707,640	0,000
226715,640	0,000
226723,640	0,000
226731,640	0,000
226739,640	0,000
226747,641	0,000
226755,641	0,000
226763,641	0,000
226771,641	0,000
226779,641	0,000
226787,641	0,000
226795,642	0,000
226803,642	0,000
226811,642	0,000
226819,642	0,000
226827,642	0,000
226835,642	0,000
226843,643	0,000
226851,643	0,000
226859,643	0,000
226867,643	0,000
226875,643	0,000
226883,643	0,000
226891,644	0,000
226899,644	0,000
226907,644	0,000
226915,644	0,000
226923,644	0,000
226931,644	0,000
226939,645	0,000
226947,645	0,000
226955,645	0,000
226963,645	0,000
226971,645	0,000
226979,645	0,000
226987,646	0,000
226995,646	0,000
227003,646	0,000
227011,646	0,000
227019,646	0,000
227027,646	0,000
227035,647	0,000
227043,647	0,000
227051,647	0,000
227059,647	0,000
227067,647	0,000
227075,647	0,000
227083,648	0,000
227091,648	0,000
227099,648	0,000
227107,648	0,000
227115,648	0,000
227123,648	0,000
227131,649	0,000
227139,649	0,000
227147,649	0,000
227155,649	0,000
227163,649	0,000
227171,649	0,000
227179,650	0,000
227187,650	0,000
227195,650	0,000
227203,650	0,000
227211,650	0,000
227219,650	0,000
227227,651	0,000
227235,651	0,000
227243,651	0,000
227251,651	0,000
227259,651	0,000
227267,651	0,000
227275,652	0,000
227283,652	0,000
227291,652	0,000
227299,652	0,000
227307,652	0,000
227315,652	0,000
227323,653	0,000
227331,653	0,000
227339,653	0,000
227347,653	0,000
227355,653	0,000
227363,653	0,000
227371,654	0,000
227379,654	0,000
227387,654	0,000
227395,654	0,000
227403,654	0,000
227411,654	0,000
227419,655	0,000
227427,655	0,000
227435,655	0,000
227443,655	0,000
227451,655	0,000
227459,655	0,000
227467,656	0,000
227475,656	0,000
227483,656	0,000
227491,656	0,000
227499,656	0,000
227507,656	0,000
227515,657	0,000
227523,657	0,000
227531,657	0,000
227539,657	0,000
227547,657	0,000
227555,657	0,000
227563,658	0,000
227571,658	0,000
227579,658	0,000
227587,658	0,000
227595,658	0,000
227603,658	0,000
227611,659	0,000
227619,659	0,000
227627,659	0,000
227635,659	0,000
227643,659	0,000
227651,659	0,000
227659,660	0,000
227667,660	0,000
227675,660	0,000
227683,660	0,000
227691,660	0,000
227699,660	0,000
227707,661	0,000
227715,661	0,000
227723,661	0,000
227731,661	0,000
227739,661	0,000
227747,661	0,000
227755,662	0,000
227763,662	0,000
227771,662	0,000
227779,662	0,000
227787,662	0,000
227795,662	0,000
227803,663	0,000
227811,663	0,000
227819,663	0,000
227827,663	0,000
227835,663	0,000
227843,663	0,000
227851,664	0,000
227859,664	0,000
227867,664	0,000
227875,664	0,000
227883,664	0,000
227891,664	0,000
227899,665	0,000
227907,665	0,000
227915,665	0,000
227923,665	0,000
227931,665	0,000
227939,665	0,000
227947,666	0,000
227955,666	0,000
227963,666	0,000
227971,666	0,000
227979,666	0,000
227987,666	0,000
227995,667	0,000
228003,667	0,000
228011,667	0,000
228019,667	0,000
228027,667	0,000
228035,667	0,000
228043,668	0,000
228051,668	0,000
228059,668	0,000
228067,668	0,000
228075,668	0,000
228083,668	0,000
228091,669	0,000
228099,669	0,000
228107,669	0,000
228115,669	0,000
228123,669	0,000
228131,669	0,000
228139,670	0,000
228147,670	0,000
228155,670	0,000
228163,670	0,000
228171,670	0,000
228179,670	0,000
228187,671	0,000
228195,671	0,000
228203,671	0,000
228211,671	0,000
228219,671	0,000
228227,671	0,000
228235,672	0,000
228243,672	0,000
228251,672	0,000
228259,672	0,000
228267,672	0,000
228275,672	0,000
228283,673	0,000
228291,673	0,000
228299,673	0,000
228307,673	0,000
228315,673	0,000
228323,673	0,000
228331,674	0,000
228339,674	0,000
228347,674	0,000
228355,674	0,000
228363,674	0,000
228371,674	0,000
228379,675	0,000
228387,675	0,000
228395,675	0,000
228403,675	0,000
228411,675	0,000
228419,675	0,000
228427,676	0,000
228435,676	0,000
228443,676	0,000
228451,676	0,000
228459,676	0,000
228467,676	0,000
228475,677	0,000
228483,677	0,000
228491,677	0,000
228499,677	0,000
228507,677	0,000
228515,677	0,000
228523,678	0,000
228531,678	0,000
228539,678	0,000
228547,678	0,000
228555,678	0,000
228563,678	0,000
228571,679	0,000
228579,679	0,000
228587,679	0,000
228595,679	0,000
228603,679	0,000
228611,679	0,000
228619,680	0,000
228627,680	0,000
228635,680	0,000
228643,680	0,000
228651,680	0,000
228659,680	0,000
228667,681	0,000
228675,681	0,000
228683,681	0,000
228691,681	0,000
228699,681	0,000
228707,681	0,000
228715,682	0,000
228723,682	0,000
228731,682	0,000
228739,682	0,000
228747,682	0,000
228755,682	0,000
228763,683	0,000
228771,683	0,000
228779,683	0,000
228787,683	0,000
228795,683	0,000
228803,683	0,000
228811,684	0,000
228819,684	0,000
228827,684	0,000
228835,684	0,000
228843,684	0,000
228851,684	0,000
228859,685	0,000
228867,685	0,000
228875,685	0,000
228883,685	0,000
228891,685	0,000
228899,685	0,000
228907,686	0,000
228915,686	0,000
228923,686	0,000
228931,686	0,000
228939,686	0,000
228947,686	0,000
228955,687	0,000
228963,687	0,000
228971,687	0,000
228979,687	0,000
228987,687	0,000
228995,687	0,000
229003,688	0,000
229011,688	0,000
229019,688	0,000
229027,688	0,000
229035,688	0,000
229043,688	0,000
229051,689	0,000
229059,689	0,000
229067,689	0,000
229075,689	0,000
229083,689	0,000
229091,689	0,000
229099,690	0,000
229107,690	0,000
229115,690	0,000
229123,690	0,000
229131,690	0,000
229139,690	0,000
229147,691	0,000
229155,691	0,000
229163,691	0,000
229171,691	0,000
229179,691	0,000
229187,691	0,000
229195,692	0,000
229203,692	0,000
229211,692	0,000
229219,692	0,000
229227,692	0,000
229235,692	0,000
229243,693	0,000
229251,693	0,000
229259,693	0,000
229267,693	0,000
229275,693	0,000
229283,693	0,000
229291,694	0,000
229299,694	0,000
229307,694	0,000
229315,694	0,000
229323,694	0,000
229331,694	0,000
229339,695	0,000
229347,695	0,000
229355,695	0,000
229363,695	0,000
229371,695	0,000
229379,695	0,000
229387,696	0,000
229395,696	0,000
229403,696	0,000
229411,696	0,000
229419,696	0,000
229427,696	0,000
229435,697	0,000
229443,697	0,000
229451,697	0,000
229459,697	0,000
229467,697	0,000
229475,697	0,000
229483,698	0,000
229491,698	0,000
229499,698	0,000
229507,698	0,000
229515,698	0,000
229523,698	0,000
229531,699	0,000
229539,699	0,000
229547,699	0,000
229555,699	0,000
229563,699	0,000
229571,699	0,000
229579,700	0,000
229587,700	0,000
229595,700	0,000
229603,700	0,000
229611,700	0,000
229619,700	0,000
229627,701	0,000
229635,701	0,000
229643,701	0,000
229651,701	0,000
229659,701	0,000
229667,701	0,000
229675,702	0,000
229683,702	0,000
229691,702	0,000
229699,702	0,000
229707,702	0,000
229715,702	0,000
229723,703	0,000
229731,703	0,000
229739,703	0,000
229747,703	0,000
229755,703	0,000
229763,703	0,000
229771,704	0,000
229779,704	0,000
229787,704	0,000
229795,704	0,000
229803,704	0,000
229811,704	0,000
229819,705	0,000
229827,705	0,000
229835,705	0,000
229843,705	0,000
229851,705	0,000
229859,705	0,000
229867,706	0,000
229875,706	0,000
229883,706	0,000
229891,706	0,000
229899,706	0,000
229907,706	0,000
229915,707	0,000
229923,707	0,000
229931,707	0,000
229939,707	0,000
229947,707	0,000
229955,707	0,000
229963,708	0,000
229971,708	0,000
229979,708	0,000
229987,708	0,000
229995,708	0,000
230003,708	0,000
230011,709	0,000
230019,709	0,000
230027,709	0,000
230035,709	0,000
230043,709	0,000
230051,709	0,000
230059,710	0,000
230067,710	0,000
230075,710	0,000
230083,710	0,000
230091,710	0,000
230099,710	0,000
230107,711	0,000
230115,711	0,000
230123,711	0,000
230131,711	0,000
230139,711	0,000
230147,711	0,000
230155,712	0,000
230163,712	0,000
230171,712	0,000
230179,712	0,000
230187,712	0,000
230195,712	0,000
230203,713	0,000
230211,713	0,000
230219,713	0,000
230227,713	0,000
230235,713	0,000
230243,713	0,000
230251,714	0,000
230259,714	0,000
230267,714	0,000
230275,714	0,000
230283,714	0,000
230291,714	0,000
230299,715	0,000
230307,715	0,000
230315,715	0,000
230323,715	0,000
230331,715	0,000
230339,715	0,000
230347,716	0,000
230355,716	0,000
230363,716	0,000
230371,716	0,000
230379,716	0,000
230387,716	0,000
230395,717	0,000
230403,717	0,000
230411,717	0,000
230419,717	0,000
230427,717	0,000
230435,717	0,000
230443,718	0,000
230451,718	0,000
230459,718	0,000
230467,718	0,000
230475,718	0,000
230483,718	0,000
230491,719	0,000
230499,719	0,000
230507,719	0,000
230515,719	0,000
230523,719	0,000
230531,719	0,000
230539,720	0,000
230547,720	0,000
230555,720	0,000
230563,720	0,000
230571,720	0,000
230579,720	0,000
230587,721	0,000
230595,721	0,000
230603,721	0,000
230611,721	0,000
230619,721	0,000
230627,721	0,000
230635,722	0,000
230643,722	0,000
230651,722	0,000
230659,722	0,000
230667,722	0,000
230675,722	0,000
230683,723	0,000
230691,723	0,000
230699,723	0,000
230707,723	0,000
230715,723	0,000
230723,723	0,000
230731,724	0,000
230739,724	0,000
230747,724	0,000
230755,724	0,000
230763,724	0,000
230771,724	0,000
230779,725	0,000
230787,725	0,000
230795,725	0,000
230803,725	0,000
230811,725	0,000
230819,725	0,000
230827,726	0,000
230835,726	0,000
230843,726	0,000
230851,726	0,000
230859,726	0,000
230867,726	0,000
230875,727	0,000
230883,727	0,000
230891,727	0,000
230899,727	0,000
230907,727	0,000
230915,727	0,000
230923,728	0,000
230931,728	0,000
230939,728	0,000
230947,728	0,000
230955,728	0,000
230963,728	0,000
230971,729	0,000
230979,729	0,000
230987,729	0,000
230995,729	0,000
231003,729	0,000
231011,729	0,000
231019,730	0,000
231027,730	0,000
231035,730	0,000
231043,730	0,000
231051,730	0,000
231059,730	0,000
231067,731	0,000
231075,731	0,000
231083,731	0,000
231091,731	0,000
231099,731	0,000
231107,731	0,000
231115,732	0,000
231123,732	0,000
231131,732	0,000
231139,732	0,000
231147,732	0,000
231155,732	0,000
231163,733	0,000
231171,733	0,000
231179,733	0,000
231187,733	0,000
231195,733	0,000
231203,733	0,000
231211,734	0,000
231219,734	0,000
231227,734	0,000
231235,734	0,000
231243,734	0,000
231251,734	0,000
231259,735	0,000
231267,735	0,000
231275,735	0,000
231283,735	0,000
231291,735	0,000
231299,735	0,000
231307,736	0,000
231315,736	0,000
231323,736	0,000
231331,736	0,000
231339,736	0,000
231347,736	0,000
231355,737	0,000
231363,737	0,000
231371,737	0,000
231379,737	0,000
231387,737	0,000
231395,737	0,000
231403,738	0,000
231411,738	0,000
231419,738	0,000
231427,738	0,000
231435,738	0,000
231443,738	0,000
231451,739	0,000
231459,739	0,000
231467,739	0,000
231475,739	0,000
231483,739	0,000
231491,739	0,000
231499,740	0,000
231507,740	0,000
231515,740	0,000
231523,740	0,000
231531,740	0,000
231539,740	0,000
231547,741	0,000
231555,741	0,000
231563,741	0,000
231571,741	0,000
231579,741	0,000
231587,741	0,000
231595,742	0,000
231603,742	0,000
231611,742	0,000
231619,742	0,000
231627,742	0,000
231635,742	0,000
231643,743	0,000
231651,743	0,000
231659,743	0,000
231667,743	0,000
231675,743	0,000
231683,743	0,000
231691,744	0,000
231699,744	0,000
231707,744	0,000
231715,744	0,000
231723,744	0,000
231731,744	0,000
231739,745	0,000
231747,745	0,000
231755,745	0,000
231763,745	0,000
231771,745	0,000
231779,745	0,000
231787,746	0,000
231795,746	0,000
231803,746	0,000
231811,746	0,000
231819,746	0,000
231827,746	0,000
231835,747	0,000
231843,747	0,000
231851,747	0,000
231859,747	0,000
231867,747	0,000
231875,747	0,000
231883,748	0,000
231891,748	0,000
231899,748	0,000
231907,748	0,000
231915,748	0,000
231923,748	0,000
231931,749	0,000
231939,749	0,000
231947,749	0,000
231955,749	0,000
231963,749	0,000
231971,749	0,000
231979,750	0,000
231987,750	0,000
231995,750	0,000
232003,750	0,000
232011,750	0,000
232019,750	0,000
232027,751	0,000
232035,751	0,000
232043,751	0,000
232051,751	0,000
232059,751	0,000
232067,751	0,000
232075,752	0,000
232083,752	0,000
232091,752	0,000
232099,752	0,000
232107,752	0,000
232115,752	0,000
232123,753	0,000
232131,753	0,000
232139,753	0,000
232147,753	0,000
232155,753	0,000
232163,753	0,000
232171,754	0,000
232179,754	0,000
232187,754	0,000
232195,754	0,000
232203,754	0,000
232211,754	0,000
232219,755	0,000
232227,755	0,000
232235,755	0,000
232243,755	0,000
232251,755	0,000
232259,755	0,000
232267,756	0,000
232275,756	0,000
232283,756	0,000
232291,756	0,000
232299,756	0,000
232307,756	0,000
232315,757	0,000
232323,757	0,000
232331,757	0,000
232339,757	0,000
232347,757	0,000
232355,757	0,000
232363,758	0,000
232371,758	0,000
232379,758	0,000
232387,758	0,000
232395,758	0,000
232403,758	0,000
232411,759	0,000
232419,759	0,000
232427,759	0,000
232435,759	0,000
232443,759	0,000
232451,759	0,000
232459,760	0,000
232467,760	0,000
232475,760	0,000
232483,760	0,000
232491,760	0,000
232499,760	0,000
232507,761	0,000
232515,761	0,000
232523,761	0,000
232531,761	0,000
232539,761	0,000
232547,761	0,000
232555,762	0,000
232563,762	0,000
232571,762	0,000
232579,762	0,000
232587,762	0,000
232595,762	0,000
232603,763	0,000
232611,763	0,000
232619,763	0,000
232627,763	0,000
232635,763	0,000
232643,763	0,000
232651,764	0,000
232659,764	0,000
232667,764	0,000
232675,764	0,000
232683,764	0,000
232691,764	0,000
232699,765	0,000
232707,765	0,000
232715,765	0,000
232723,765	0,000
232731,765	0,000
232739,765	0,000
232747,766	0,000
232755,766	0,000
232763,766	0,000
232771,766	0,000
232779,766	0,000
232787,766	0,000
232795,767	0,000
232803,767	0,000
232811,767	0,000
232819,767	0,000
232827,767	0,000
232835,767	0,000
232843,768	0,000
232851,768	0,000
232859,768	0,000
232867,768	0,000
232875,768	0,000
232883,768	0,000
232891,769	0,000
232899,769	0,000
232907,769	0,000
232915,769	0,000
232923,769	0,000
232931,769	0,000
232939,770	0,000
232947,770	0,000
232955,770	0,000
232963,770	0,000
232971,770	0,000
232979,770	0,000
232987,771	0,000
232995,771	0,000
233003,771	0,000
233011,771	0,000
233019,771	0,000
233027,771	0,000
233035,772	0,000
233043,772	0,000
233051,772	0,000
233059,772	0,000
233067,772	0,000
233075,772	0,000
233083,773	0,000
233091,773	0,000
233099,773	0,000
233107,773	0,000
233115,773	0,000
233123,773	0,000
233131,774	0,000
233139,774	0,000
233147,774	0,000
233155,774	0,000
233163,774	0,000
233171,774	0,000
233179,775	0,000
233187,775	0,000
233195,775	0,000
233203,775	0,000
233211,775	0,000
233219,775	0,000
233227,776	0,000
233235,776	0,000
233243,776	0,000
233251,776	0,000
233259,776	0,000
233267,776	0,000
233275,777	0,000
233283,777	0,000
233291,777	0,000
233299,777	0,000
233307,777	0,000
233315,777	0,000
233323,778	0,000
233331,778	0,000
233339,778	0,000
233347,778	0,000
233355,778	0,000
233363,778	0,000
233371,779	0,000
233379,779	0,000
233387,779	0,000
233395,779	0,000
233403,779	0,000
233411,779	0,000
233419,780	0,000
233427,780	0,000
233435,780	0,000
233443,780	0,000
233451,780	0,000
233459,780	0,000
233467,781	0,000
233475,781	0,000
233483,781	0,000
233491,781	0,000
233499,781	0,000
233507,781	0,000
233515,782	0,000
233523,782	0,000
233531,782	0,000
233539,782	0,000
233547,782	0,000
233555,782	0,000
233563,783	0,000
233571,783	0,000
233579,783	0,000
233587,783	0,000
233595,783	0,000
233603,783	0,000
233611,784	0,000
233619,784	0,000
233627,784	0,000
233635,784	0,000
233643,784	0,000
233651,784	0,000
233659,785	0,000
233667,785	0,000
233675,785	0,000
233683,785	0,000
233691,785	0,000
233699,785	0,000
233707,786	0,000
233715,786	0,000
233723,786	0,000
233731,786	0,000
233739,786	0,000
233747,786	0,000
233755,787	0,000
233763,787	0,000
233771,787	0,000
233779,787	0,000
233787,787	0,000
233795,787	0,000
233803,788	0,000
233811,788	0,000
233819,788	0,000
233827,788	0,000
233835,788	0,000
233843,788	0,000
233851,789	0,000
233859,789	0,000
233867,789	0,000
233875,789	0,000
233883,789	0,000
233891,789	0,000
233899,790	0,000
233907,790	0,000
233915,790	0,000
233923,790	0,000
233931,790	0,000
233939,790	0,000
233947,791	0,000
233955,791	0,000
233963,791	0,000
233971,791	0,000
233979,791	0,000
233987,791	0,000
233995,792	0,000
234003,792	0,000
234011,792	0,000
234019,792	0,000
234027,792	0,000
234035,792	0,000
234043,793	0,000
234051,793	0,000
234059,793	0,000
234067,793	0,000
234075,793	0,000
234083,793	0,000
234091,794	0,000
234099,794	0,000
234107,794	0,000
234115,794	0,000
234123,794	0,000
234131,794	0,000
234139,795	0,000
234147,795	0,000
234155,795	0,000
234163,795	0,000
234171,795	0,000
234179,795	0,000
234187,796	0,000
234195,796	0,000
234203,796	0,000
234211,796	0,000
234219,796	0,000
234227,796	0,000
234235,797	0,000
234243,797	0,000
234251,797	0,000
234259,797	0,000
234267,797	0,000
234275,797	0,000
234283,798	0,000
234291,798	0,000
234299,798	0,000
234307,798	0,000
234315,798	0,000
234323,798	0,000
234331,799	0,000
234339,799	0,000
234347,799	0,000
234355,799	0,000
234363,799	0,000
234371,799	0,000
234379,800	0,000
234387,800	0,000
234395,800	0,000
234403,800	0,000
234411,800	0,000
234419,800	0,000
234427,801	0,000
234435,801	0,000
234443,801	0,000
234451,801	0,000
234459,801	0,000
234467,801	0,000
234475,802	0,000
234483,802	0,000
234491,802	0,000
234499,802	0,000
234507,802	0,000
234515,802	0,000
234523,803	0,000
234531,803	0,000
234539,803	0,000
234547,803	0,000
234555,803	0,000
234563,803	0,000
234571,804	0,000
234579,804	0,000
234587,804	0,000
234595,804	0,000
234603,804	0,000
234611,804	0,000
234619,805	0,000
234627,805	0,000
234635,805	0,000
234643,805	0,000
234651,805	0,000
234659,805	0,000
234667,806	0,000
234675,806	0,000
234683,806	0,000
234691,806	0,000
234699,806	0,000
234707,806	0,000
234715,807	0,000
234723,807	0,000
234731,807	0,000
234739,807	0,000
234747,807	0,000
234755,807	0,000
234763,808	0,000
234771,808	0,000
234779,808	0,000
234787,808	0,000
234795,808	0,000
234803,808	0,000
234811,809	0,000
234819,809	0,000
234827,809	0,000
234835,809	0,000
234843,809	0,000
234851,809	0,000
234859,810	0,000
234867,810	0,000
234875,810	0,000
234883,810	0,000
234891,810	0,000
234899,810	0,000
234907,811	0,000
234915,811	0,000
234923,811	0,000
234931,811	0,000
234939,811	0,000
234947,811	0,000
234955,812	0,000
234963,812	0,000
234971,812	0,000
234979,812	0,000
234987,812	0,000
234995,812	0,000
235003,813	0,000
235011,813	0,000
235019,813	0,000
235027,813	0,000
235035,813	0,000
235043,813	0,000
235051,814	0,000
235059,814	0,000
235067,814	0,000
235075,814	0,000
235083,814	0,000
235091,814	0,000
235099,815	0,000
235107,815	0,000
235115,815	0,000
235123,815	0,000
235131,815	0,000
235139,815	0,000
235147,816	0,000
235155,816	0,000
235163,816	0,000
235171,816	0,000
235179,816	0,000
235187,816	0,000
235195,817	0,000
235203,817	0,000
235211,817	0,000
235219,817	0,000
235227,817	0,000
235235,817	0,000
235243,818	0,000
235251,818	0,000
235259,818	0,000
235267,818	0,000
235275,818	0,000
235283,818	0,000
235291,819	0,000
235299,819	0,000
235307,819	0,000
235315,819	0,000
235323,819	0,000
235331,819	0,000
235339,820	0,000
235347,820	0,000
235355,820	0,000
235363,820	0,000
235371,820	0,000
235379,820	0,000
235387,821	0,000
235395,821	0,000
235403,821	0,000
235411,821	0,000
235419,821	0,000
235427,821	0,000
235435,822	0,000
235443,822	0,000
235451,822	0,000
235459,822	0,000
235467,822	0,000
235475,822	0,000
235483,823	0,000
235491,823	0,000
235499,823	0,000
235507,823	0,000
235515,823	0,000
235523,823	0,000
235531,824	0,000
235539,824	0,000
235547,824	0,000
235555,824	0,000
235563,824	0,000
235571,824	0,000
235579,825	0,000
235587,825	0,000
235595,825	0,000
235603,825	0,000
235611,825	0,000
235619,825	0,000
235627,826	0,000
235635,826	0,000
235643,826	0,000
235651,826	0,000
235659,826	0,000
235667,826	0,000
235675,827	0,000
235683,827	0,000
235691,827	0,000
235699,827	0,000
235707,827	0,000
235715,827	0,000
235723,828	0,000
235731,828	0,000
235739,828	0,000
235747,828	0,000
235755,828	0,000
235763,828	0,000
235771,829	0,000
235779,829	0,000
235787,829	0,000
235795,829	0,000
235803,829	0,000
235811,829	0,000
235819,830	0,000
235827,830	0,000
235835,830	0,000
235843,830	0,000
235851,830	0,000
235859,830	0,000
235867,831	0,000
235875,831	0,000
235883,831	0,000
235891,831	0,000
235899,831	0,000
235907,831	0,000
235915,832	0,000
235923,832	0,000
235931,832	0,000
235939,832	0,000
235947,832	0,000
235955,832	0,000
235963,833	0,000
235971,833	0,000
235979,833	0,000
235987,833	0,000
235995,833	0,000
236003,833	0,000
236011,834	0,000
236019,834	0,000
236027,834	1,000
236035,834	0,000
236043,834	0,000
236051,834	0,000
236059,835	0,000
236067,835	0,000
236075,835	0,000
236083,835	0,000
236091,835	0,000
236099,835	0,000
236107,836	0,000
236115,836	0,000
236123,836	0,000
236131,836	0,000
236139,836	0,000
236147,836	0,000
236155,837	0,000
236163,837	0,000
236171,837	0,000
236179,837	0,000
236187,837	0,000
236195,837	0,000
236203,838	0,000
236211,838	0,000
236219,838	0,000
236227,838	0,000
236235,838	0,000
236243,838	0,000
236251,839	0,000
236259,839	0,000
236267,839	0,000
236275,839	0,000
236283,839	0,000
236291,839	0,000
236299,840	0,000
236307,840	0,000
236315,840	0,000
236323,840	0,000
236331,840	0,000
236339,840	0,000
236347,841	0,000
236355,841	0,000
236363,841	0,000
236371,841	0,000
236379,841	0,000
236387,841	0,000
236395,842	0,000
236403,842	0,000
236411,842	0,000
236419,842	0,000
236427,842	0,000
236435,842	0,000
236443,843	0,000
236451,843	0,000
236459,843	0,000
236467,843	0,000
236475,843	0,000
236483,843	0,000
236491,844	0,000
236499,844	0,000
236507,844	0,000
236515,844	0,000
236523,844	0,000
236531,844	0,000
236539,845	0,000
236547,845	0,000
236555,845	0,000
236563,845	0,000
236571,845	0,000
236579,845	0,000
236587,846	0,000
236595,846	0,000
236603,846	0,000
236611,846	0,000
236619,846	0,000
236627,846	0,000
236635,847	0,000
236643,847	0,000
236651,847	0,000
236659,847	0,000
236667,847	0,000
236675,847	0,000
236683,848	0,000
236691,848	0,000
236699,848	0,000
236707,848	0,000
236715,848	0,000
236723,848	0,000
236731,849	0,000
236739,849	0,000
236747,849	0,000
236755,849	0,000
236763,849	0,000
236771,849	0,000
236779,850	0,000
236787,850	0,000
236795,850	0,000
236803,850	0,000
236811,850	0,000
236819,850	0,000
236827,851	0,000
236835,851	0,000
236843,851	0,000
236851,851	0,000
236859,851	0,000
236867,851	0,000
236875,852	0,000
236883,852	0,000
236891,852	0,000
236899,852	0,000
236907,852	0,000
236915,852	0,000
236923,853	0,000
236931,853	0,000
236939,853	0,000
236947,853	0,000
236955,853	0,000
236963,853	0,000
236971,854	0,000
236979,854	0,000
236987,854	0,000
236995,854	0,000
237003,854	0,000
237011,854	0,000
237019,855	1,000
237027,855	0,000
237035,855	0,000
237043,855	0,000
237051,855	0,000
237059,855	0,000
237067,856	0,000
237075,856	0,000
237083,856	0,000
237091,856	0,000
237099,856	0,000
237107,856	0,000
237115,857	1,000
237123,857	0,000
237131,857	0,000
237139,857	0,000
237147,857	0,000
237155,857	0,000
237163,858	0,000
237171,858	0,000
237179,858	0,000
237187,858	0,000
237195,858	0,000
237203,858	0,000
237211,859	0,000
237219,859	0,000
237227,859	0,000
237235,859	0,000
237243,859	0,000
237251,859	0,000
237259,860	0,000
237267,860	1,000
237275,860	0,000
237283,860	0,000
237291,860	0,000
237299,860	0,000
237307,861	0,000
237315,861	0,000
237323,861	0,000
237331,861	0,000
237339,861	0,000
237347,861	0,000
237355,862	0,000
237363,862	0,000
237371,862	0,000
237379,862	0,000
237387,862	0,000
237395,862	0,000
237403,863	0,000
237411,863	1,000
237419,863	0,000
237427,863	0,000
237435,863	0,000
237443,863	0,000
237451,864	0,000
237459,864	0,000
237467,864	1,000
237475,864	0,000
237483,864	0,000
237491,864	1,000
237499,865	0,000
237507,865	0,000
237515,865	0,000
237523,865	0,000
237531,865	0,000
237539,865	0,000
237547,866	0,000
237555,866	0,000
237563,866	0,000
237571,866	0,000
237579,866	0,000
237587,866	0,000
237595,867	0,000
237603,867	1,000
237611,867	0,000
237619,867	0,000
237627,867	1,000
237635,867	1,000
237643,868	0,000
237651,868	1,000
237659,868	0,000
237667,868	1,000
237675,868	0,000
237683,868	0,000
237691,869	0,000
237699,869	0,000
237707,869	0,000
237715,869	0,000
237723,869	0,000
237731,869	1,000
237739,870	1,000
237747,870	0,000
237755,870	1,000
237763,870	0,000
237771,870	0,000
237779,870	1,000
237787,871	0,000
237795,871	0,000
237803,871	0,000
237811,871	0,000
237819,871	0,000
237827,871	0,000
237835,872	0,000
237843,872	0,000
237851,872	0,000
237859,872	0,000
237867,872	0,000
237875,872	2,000
237883,873	0,000
237891,873	2,000
237899,873	0,000
237907,873	0,000
237915,873	0,000
237923,873	1,000
237931,874	1,000
237939,874	0,000
237947,874	0,000
237955,874	0,000
237963,874	1,000
237971,874	1,000
237979,875	0,000
237987,875	0,000
237995,875	1,000
238003,875	0,000
238011,875	0,000
238019,875	2,000
238027,876	2,000
238035,876	0,000
238043,876	1,000
238051,876	0,000
238059,876	1,000
238067,876	0,000
238075,877	2,000
238083,877	0,000
238091,877	1,000
238099,877	0,000
238107,877	1,000
238115,877	0,000
238123,878	1,000
238131,878	2,000
238139,878	4,000
238147,878	2,000
238155,878	1,000
238163,878	3,000
238171,879	2,000
238179,879	0,000
238187,879	4,000
238195,879	1,000
238203,879	2,000
238211,879	4,000
238219,880	1,000
238227,880	3,000
238235,880	1,000
238243,880	2,000
238251,880	4,000
238259,880	2,000
238267,881	2,000
238275,881	4,000
238283,881	4,000
238291,881	6,000
238299,881	1,000
238307,881	3,000
238315,882	4,000
238323,882	3,000
238331,882	4,000
238339,882	5,000
238347,882	8,000
238355,882	5,000
238363,883	5,000
238371,883	10,000
238379,883	12,000
238387,883	6,000
238395,883	12,000
238403,883	9,000
238411,884	12,000
238419,884	11,000
238427,884	13,000
238435,884	17,000
238443,884	12,000
238451,884	17,000
238459,885	17,000
238467,885	17,000
238475,885	21,000
238483,885	20,000
238491,885	23,000
238499,885	25,000
238507,886	17,000
238515,886	23,000
238523,886	21,000
238531,886	38,000
238539,886	34,000
238547,886	36,000
238555,887	32,000
238563,887	37,000
238571,887	41,000
238579,887	48,000
238587,887	52,000
238595,887	59,000
238603,888	47,000
238611,888	57,000
238619,888	67,000
238627,888	58,000
238635,888	72,000
238643,888	77,000
238651,889	70,000
238659,889	93,000
238667,889	96,000
238675,889	78,000
238683,889	91,000
238691,889	99,000
238699,890	88,000
238707,890	115,000
238715,890	109,000
238723,890	135,000
238731,890	128,000
238739,890	159,000
238747,891	139,000
238755,891	163,000
238763,891	160,000
238771,891	183,000
238779,891	162,000
238787,891	204,000
238795,892	172,000
238803,892	199,000
238811,892	177,000
238819,892	173,000
238827,892	189,000
238835,892	206,000
238843,893	210,000
238851,893	203,000
238859,893	188,000
238867,893	228,000
238875,893	237,000
238883,893	210,000
238891,894	211,000
238899,894	190,000
238907,894	200,000
238915,894	206,000
238923,894	224,000
238931,894	204,000
238939,895	195,000
238947,895	215,000
238955,895	209,000
238963,895	190,000
238971,895	170,000
238979,895	157,000
238987,896	165,000
238995,896	166,000
239003,896	176,000
239011,896	171,000
239019,896	133,000
239027,896	156,000
239035,897	166,000
239043,897	134,000
239051,897	177,000
239059,897	153,000
239067,897	124,000
239075,897	157,000
239083,898	127,000
239091,898	131,000
239099,898	126,000
239107,898	129,000
239115,898	142,000
239123,898	112,000
239131,899	130,000
239139,899	131,000
239147,899	125,000
239155,899	120,000
239163,899	121,000
239171,899	117,000
239179,900	134,000
239187,900	133,000
239195,900	142,000
239203,900	124,000
239211,900	127,000
239219,900	141,000
239227,901	143,000
239235,901	142,000
239243,901	158,000
239251,901	128,000
239259,901	150,000
239267,901	158,000
239275,902	171,000
239283,902	153,000
239291,902	165,000
239299,902	181,000
239307,902	153,000
239315,902	209,000
239323,903	199,000
239331,903	173,000
239339,903	206,000
239347,903	212,000
239355,903	234,000
239363,903	220,000
239371,904	282,000
239379,904	233,000
239387,904	275,000
239395,904	290,000
239403,904	308,000
239411,904	326,000
239419,905	342,000
239427,905	330,000
239435,905	372,000
239443,905	393,000
239451,905	395,000
239459,905	428,000
239467,906	472,000
239475,906	463,000
239483,906	493,000
239491,906	471,000
239499,906	518,000
239507,906	529,000
239515,907	551,000
239523,907	616,000
239531,907	567,000
239539,907	620,000
239547,907	649,000
239555,907	611,000
239563,908	664,000
239571,908	624,000
239579,908	622,000
239587,908	685,000
239595,908	706,000
239603,908	672,000
239611,909	632,000
239619,909	666,000
239627,909	703,000
239635,909	675,000
239643,909	688,000
239651,909	649,000
239659,910	668,000
239667,910	639,000
239675,910	635,000
239683,910	589,000
239691,910	608,000
239699,910	632,000
239707,911	617,000
239715,911	617,000
239723,911	585,000
239731,911	569,000
239739,911	616,000
239747,911	617,000
239755,912	575,000
239763,912	617,000
239771,912	574,000
239779,912	622,000
239787,912	574,000
239795,912	606,000
239803,913	667,000
239811,913	601,000
239819,913	591,000
239827,913	618,000
239835,913	653,000
239843,913	643,000
239851,914	631,000
239859,914	610,000
239867,914	645,000
239875,914	595,000
239883,914	644,000
239891,914	611,000
239899,915	606,000
239907,915	647,000
239915,915	645,000
239923,915	597,000
239931,915	610,000
239939,915	585,000
239947,916	698,000
239955,916	640,000
239963,916	610,000
239971,916	608,000
239979,916	611,000
239987,916	662,000
239995,917	613,000
240003,917	596,000
240011,917	617,000
240019,917	592,000
240027,917	590,000
240035,917	594,000
240043,918	555,000
240051,918	515,000
240059,918	597,000
240067,918	601,000
240075,918	567,000
240083,918	605,000
240091,919	595,000
240099,919	608,000
240107,919	603,000
240115,919	593,000
240123,919	640,000
240131,919	633,000
240139,920	613,000
240147,920	633,000
240155,920	592,000
240163,920	619,000
240171,920	656,000
240179,920	624,000
240187,921	647,000
240195,921	718,000
240203,921	691,000
240211,921	706,000
240219,921	714,000
240227,921	761,000
240235,922	762,000
240243,922	778,000
240251,922	753,000
240259,922	763,000
240267,922	859,000
240275,922	852,000
240283,923	882,000
240291,923	877,000
240299,923	913,000
240307,923	992,000
240315,923	977,000
240323,923	1032,000
240331,924	1010,000
240339,924	1025,000
240347,924	1034,000
240355,924	1039,000
240363,924	1024,000
240371,924	1021,000
240379,925	1038,000
240387,925	1021,000
240395,925	963,000
240403,925	974,000
240411,925	944,000
240419,925	975,000
240427,926	949,000
240435,926	985,000
240443,926	923,000
240451,926	884,000
240459,926	925,000
240467,926	961,000
240475,927	814,000
240483,927	899,000
240491,927	893,000
240499,927	852,000
240507,927	852,000
240515,927	817,000
240523,928	813,000
240531,928	791,000
240539,928	810,000
240547,928	822,000
240555,928	768,000
240563,928	760,000
240571,929	744,000
240579,929	797,000
240587,929	761,000
240595,929	776,000
240603,929	714,000
240611,929	783,000
240619,930	778,000
240627,930	770,000
240635,930	722,000
240643,930	756,000
240651,930	677,000
240659,930	713,000
240667,931	663,000
240675,931	732,000
240683,931	770,000
240691,931	735,000
240699,931	765,000
240707,931	730,000
240715,932	771,000
240723,932	756,000
240731,932	813,000
240739,932	750,000
240747,932	772,000
240755,932	780,000
240763,933	744,000
240771,933	791,000
240779,933	795,000
240787,933	819,000
240795,933	835,000
240803,933	845,000
240811,934	849,000
240819,934	932,000
240827,934	877,000
240835,934	905,000
240843,934	889,000
240851,934	882,000
240859,935	874,000
240867,935	900,000
240875,935	890,000
240883,935	825,000
240891,935	926,000
240899,935	849,000
240907,936	900,000
240915,936	899,000
240923,936	887,000
240931,936	951,000
240939,936	963,000
240947,936	931,000
240955,937	912,000
240963,937	939,000
240971,937	929,000
240979,937	954,000
240987,937	1039,000
240995,937	1046,000
241003,938	1031,000
241011,938	1004,000
241019,938	1037,000
241027,938	1080,000
241035,938	1117,000
241043,938	1104,000
241051,939	1141,000
241059,939	1153,000
241067,939	1105,000
241075,939	1144,000
241083,939	1278,000
241091,939	1208,000
241099,940	1272,000
241107,940	1285,000
241115,940	1268,000
241123,940	1341,000
241131,940	1359,000
241139,940	1416,000
241147,941	1409,000
241155,941	1438,000
241163,941	1509,000
241171,941	1512,000
241179,941	1533,000
241187,941	1562,000
241195,942	1534,000
241203,942	1639,000
241211,942	1692,000
241219,942	1677,000
241227,942	1696,000
241235,942	1806,000
241243,943	1910,000
241251,943	1988,000
241259,943	2204,000
241267,943	2401,000
241275,943	2516,000
241283,943	2778,000
241291,944	2926,000
241299,944	3239,000
241307,944	3597,000
241315,944	3962,000
241323,944	4115,000
241331,944	4656,000
241339,945	4794,000
241347,945	5242,000
241355,945	5627,000
241363,945	5729,000
241371,945	5927,000
241379,945	6190,000
241387,946	6380,000
241395,946	6444,000
241403,946	6525,000
241411,946	6347,000
241419,946	6291,000
241427,946	6004,000
241435,947	5691,000
241443,947	5479,000
241451,947	5367,000
241459,947	5018,000
241467,947	4719,000
241475,947	4370,000
241483,948	4234,000
241491,948	4088,000
241499,948	3875,000
241507,948	3775,000
241515,948	3750,000
241523,948	3856,000
241531,949	3686,000
241539,949	3696,000
241547,949	3746,000
241555,949	3881,000
241563,949	3922,000
241571,949	3853,000
241579,950	4121,000
241587,950	4001,000
241595,950	4077,000
241603,950	4097,000
241611,950	4093,000
241619,950	4086,000
241627,951	4017,000
241635,951	3808,000
241643,951	3883,000
241651,951	3840,000
241659,951	3640,000
241667,951	3503,000
241675,952	3266,000
241683,952	3270,000
241691,952	3102,000
241699,952	3104,000
241707,952	3072,000
241715,952	2929,000
241723,953	2822,000
241731,953	2950,000
241739,953	3161,000
241747,953	3226,000
241755,953	3395,000
241763,953	3664,000
241771,954	4015,000
241779,954	4252,000
241787,954	4806,000
241795,954	5227,000
241803,954	5705,000
241811,954	6299,000
241819,955	6822,000
241827,955	7332,000
241835,955	8254,000
241843,955	8950,000
241851,955	9737,000
241859,955	10340,000
241867,956	11451,000
241875,956	12243,000
241883,956	13004,000
241891,956	13833,000
241899,956	14889,000
241907,956	15516,000
241915,957	16065,000
241923,957	16759,000
241931,957	16845,000
241939,957	17111,000
241947,957	16772,000
241955,957	16592,000
241963,958	16101,000
241971,958	15535,000
241979,958	14883,000
241987,958	14516,000
241995,958	13782,000
242003,958	13049,000
242011,959	12894,000
242019,959	12578,000
242027,959	12481,000
242035,959	12355,000
242043,959	12060,000
242051,959	11927,000
242059,960	11849,000
242067,960	11829,000
242075,960	11835,000
242083,960	11656,000
242091,960	11129,000
242099,960	10650,000
242107,961	9865,000
242115,961	9255,000
242123,961	8315,000
242131,961	7663,000
242139,961	6693,000
242147,961	5896,000
242155,962	5061,000
242163,962	4159,000
242171,962	3318,000
242179,962	2726,000
242187,962	2007,000
242195,962	1640,000
242203,963	1271,000
242211,963	885,000
242219,963	639,000
242227,963	430,000
242235,963	333,000
242243,963	222,000
242251,964	138,000
242259,964	80,000
242267,964	58,000
242275,964	41,000
242283,964	19,000
242291,964	23,000
242299,965	5,000
242307,965	6,000
242315,965	2,000
242323,965	1,000
242331,965	0,000
242339,965	0,000
242347,966	0,000
242355,966	0,000
242363,966	0,000
242371,966	0,000
242379,966	0,000
242387,966	0,000
242395,967	0,000
242403,967	0,000
242411,967	0,000
242419,967	0,000
242427,967	0,000
242435,967	0,000
242443,968	0,000
242451,968	0,000
242459,968	0,000
242467,968	0,000
242475,968	0,000
242483,968	0,000
242491,969	0,000
242499,969	0,000
242507,969	0,000
242515,969	0,000
242523,969	0,000
242531,969	0,000
242539,970	0,000
242547,970	0,000
242555,970	0,000
242563,970	0,000
242571,970	0,000
242579,970	0,000
242587,971	0,000
242595,971	0,000
242603,971	0,000
242611,971	0,000
242619,971	0,000
242627,971	0,000
242635,972	0,000
242643,972	0,000
242651,972	0,000
242659,972	0,000
242667,972	0,000
242675,972	0,000
242683,973	0,000
242691,973	0,000
242699,973	0,000
242707,973	0,000
242715,973	0,000
242723,973	0,000
242731,974	0,000
242739,974	0,000
242747,974	0,000
242755,974	0,000
242763,974	0,000
242771,974	0,000
242779,975	0,000
242787,975	0,000
242795,975	0,000
242803,975	0,000
242811,975	0,000
242819,975	0,000
242827,976	0,000
242835,976	0,000
242843,976	0,000
242851,976	0,000
242859,976	0,000
242867,976	0,000
242875,977	0,000
242883,977	0,000
242891,977	0,000
242899,977	0,000
242907,977	0,000
242915,977	0,000
242923,978	0,000
242931,978	0,000
242939,978	0,000
242947,978	0,000
242955,978	0,000
242963,978	0,000
242971,979	0,000
242979,979	0,000
242987,979	0,000
242995,979	0,000
243003,979	0,000
243011,979	0,000
243019,980	0,000
243027,980	0,000
243035,980	0,000
243043,980	0,000
243051,980	0,000
243059,980	0,000
243067,981	0,000
243075,981	0,000
243083,981	0,000
243091,981	0,000
243099,981	0,000
243107,981	0,000
243115,982	0,000
243123,982	0,000
243131,982	0,000
243139,982	0,000
243147,982	0,000
243155,982	0,000
243163,983	0,000
243171,983	0,000
243179,983	0,000
243187,983	0,000
243195,983	0,000
243203,983	0,000
243211,984	0,000
243219,984	0,000
243227,984	0,000
243235,984	0,000
243243,984	0,000
243251,984	0,000
243259,985	0,000
243267,985	0,000
243275,985	0,000
243283,985	0,000
243291,985	0,000
243299,985	0,000
243307,986	0,000
243315,986	0,000
243323,986	0,000
243331,986	0,000
243339,986	0,000
243347,986	0,000
243355,987	0,000
243363,987	0,000
243371,987	0,000
243379,987	0,000
243387,987	0,000
243395,987	0,000
243403,988	0,000
243411,988	0,000
243419,988	0,000
243427,988	0,000
243435,988	0,000
243443,988	0,000
243451,989	0,000
243459,989	0,000
243467,989	0,000
243475,989	0,000
243483,989	0,000
243491,989	0,000
243499,990	0,000
243507,990	0,000
243515,990	0,000
243523,990	0,000
243531,990	0,000
243539,990	0,000
243547,991	0,000
243555,991	0,000
243563,991	0,000
243571,991	0,000
243579,991	0,000
243587,991	0,000
243595,992	0,000
243603,992	0,000
243611,992	0,000
243619,992	0,000
243627,992	0,000
243635,992	0,000
243643,993	0,000
243651,993	0,000
243659,993	0,000
243667,993	0,000
243675,993	0,000
243683,993	0,000
243691,994	0,000
243699,994	0,000
243707,994	0,000
243715,994	0,000
243723,994	0,000
243731,994	0,000
243739,995	0,000
243747,995	0,000
243755,995	0,000
243763,995	0,000
243771,995	0,000
243779,995	0,000
243787,996	0,000
243795,996	0,000
243803,996	0,000
243811,996	0,000
243819,996	0,000
243827,996	0,000
243835,997	0,000
243843,997	0,000
243851,997	0,000
243859,997	0,000
243867,997	0,000
243875,997	0,000
243883,998	0,000
243891,998	0,000
243899,998	0,000
243907,998	0,000
243915,998	0,000
243923,998	0,000
243931,999	0,000
243939,999	0,000
243947,999	0,000
243955,999	0,000
243963,999	0,000
243971,999	0,000
243980,000	0,000
243988,000	0,000
243996,000	0,000
