560003,500	0,000
560011,500	0,000
560019,500	0,000
560027,501	0,000
560035,501	1,000
560043,501	0,000
560051,501	0,000
560059,501	0,000
560067,501	0,000
560075,502	0,000
560083,502	0,000
560091,502	0,000
560099,502	0,000
560107,502	0,000
560115,502	0,000
560123,503	0,000
560131,503	1,000
560139,503	0,000
560147,503	0,000
560155,503	0,000
560163,503	0,000
560171,504	0,000
560179,504	1,000
560187,504	0,000
560195,504	0,000
560203,504	0,000
560211,504	0,000
560219,505	1,000
560227,505	0,000
560235,505	1,000
560243,505	0,000
560251,505	0,000
560259,505	0,000
560267,506	0,000
560275,506	2,000
560283,506	0,000
560291,506	0,000
560299,506	0,000
560307,506	0,000
560315,507	1,000
560323,507	0,000
560331,507	0,000
560339,507	1,000
560347,507	0,000
560355,507	1,000
560363,508	0,000
560371,508	0,000
560379,508	1,000
560387,508	0,000
560395,508	0,000
560403,508	0,000
560411,509	1,000
560419,509	0,000
560427,509	0,000
560435,509	0,000
560443,509	1,000
560451,509	0,000
560459,510	0,000
560467,510	0,000
560475,510	1,000
560483,510	0,000
560491,510	0,000
560499,510	0,000
560507,511	1,000
560515,511	0,000
560523,511	0,000
560531,511	1,000
560539,511	2,000
560547,511	0,000
560555,512	0,000
560563,512	0,000
560571,512	1,000
560579,512	0,000
560587,512	1,000
560595,512	2,000
560603,513	0,000
560611,513	1,000
560619,513	1,000
560627,513	1,000
560635,513	0,000
560643,513	0,000
560651,514	0,000
560659,514	0,000
560667,514	0,000
560675,514	0,000
560683,514	3,000
560691,514	0,000
560699,515	2,000
560707,515	0,000
560715,515	0,000
560723,515	1,000
560731,515	1,000
560739,515	0,000
560747,516	2,000
560755,516	0,000
560763,516	1,000
560771,516	0,000
560779,516	0,000
560787,516	0,000
560795,517	2,000
560803,517	1,000
560811,517	1,000
560819,517	1,000
560827,517	1,000
560835,517	1,000
560843,518	0,000
560851,518	0,000
560859,518	0,000
560867,518	1,000
560875,518	1,000
560883,518	0,000
560891,519	2,000
560899,519	2,000
560907,519	1,000
560915,519	2,000
560923,519	0,000
560931,519	0,000
560939,520	2,000
560947,520	1,000
560955,520	1,000
560963,520	0,000
560971,520	0,000
560979,520	1,000
560987,521	2,000
560995,521	2,000
561003,521	1,000
561011,521	1,000
561019,521	0,000
561027,521	2,000
561035,522	1,000
561043,522	1,000
561051,522	1,000
561059,522	1,000
561067,522	1,000
561075,522	1,000
561083,523	2,000
561091,523	1,000
561099,523	1,000
561107,523	1,000
561115,523	0,000
561123,523	0,000
561131,524	1,000
561139,524	0,000
561147,524	2,000
561155,524	1,000
561163,524	1,000
561171,524	3,000
561179,525	1,000
561187,525	1,000
561195,525	0,000
561203,525	0,000
561211,525	1,000
561219,525	0,000
561227,526	2,000
561235,526	0,000
561243,526	2,000
561251,526	0,000
561259,526	1,000
561267,526	4,000
561275,527	1,000
561283,527	0,000
561291,527	0,000
561299,527	2,000
561307,527	1,000
561315,527	1,000
561323,528	0,000
561331,528	0,000
561339,528	2,000
561347,528	3,000
561355,528	1,000
561363,528	2,000
561371,529	1,000
561379,529	3,000
561387,529	2,000
561395,529	0,000
561403,529	0,000
561411,529	3,000
561419,530	3,000
561427,530	2,000
561435,530	1,000
561443,530	0,000
561451,530	0,000
561459,530	1,000
561467,531	2,000
561475,531	1,000
561483,531	4,000
561491,531	1,000
561499,531	0,000
561507,531	0,000
561515,532	5,000
561523,532	0,000
561531,532	0,000
561539,532	5,000
561547,532	2,000
561555,532	2,000
561563,533	1,000
561571,533	0,000
561579,533	2,000
561587,533	2,000
561595,533	1,000
561603,533	0,000
561611,534	3,000
561619,534	3,000
561627,534	5,000
561635,534	2,000
561643,534	1,000
561651,534	4,000
561659,535	1,000
561667,535	1,000
561675,535	4,000
561683,535	4,000
561691,535	3,000
561699,535	4,000
561707,536	3,000
561715,536	3,000
561723,536	2,000
561731,536	1,000
561739,536	2,000
561747,536	2,000
561755,537	1,000
561763,537	3,000
561771,537	2,000
561779,537	4,000
561787,537	5,000
561795,537	2,000
561803,538	1,000
561811,538	4,000
561819,538	4,000
561827,538	7,000
561835,538	2,000
561843,538	2,000
561851,539	1,000
561859,539	2,000
561867,539	3,000
561875,539	1,000
561883,539	2,000
561891,539	4,000
561899,540	2,000
561907,540	2,000
561915,540	1,000
561923,540	3,000
561931,540	8,000
561939,540	3,000
561947,541	4,000
561955,541	2,000
561963,541	6,000
561971,541	2,000
561979,541	4,000
561987,541	1,000
561995,542	5,000
562003,542	7,000
562011,542	5,000
562019,542	1,000
562027,542	1,000
562035,542	1,000
562043,543	1,000
562051,543	2,000
562059,543	4,000
562067,543	3,000
562075,543	4,000
562083,543	3,000
562091,544	2,000
562099,544	3,000
562107,544	7,000
562115,544	8,000
562123,544	2,000
562131,544	6,000
562139,545	2,000
562147,545	2,000
562155,545	2,000
562163,545	2,000
562171,545	1,000
562179,545	8,000
562187,546	2,000
562195,546	2,000
562203,546	3,000
562211,546	2,000
562219,546	1,000
562227,546	1,000
562235,547	3,000
562243,547	6,000
562251,547	2,000
562259,547	3,000
562267,547	3,000
562275,547	1,000
562283,548	2,000
562291,548	3,000
562299,548	8,000
562307,548	8,000
562315,548	6,000
562323,548	1,000
562331,549	6,000
562339,549	3,000
562347,549	6,000
562355,549	6,000
562363,549	5,000
562371,549	4,000
562379,550	3,000
562387,550	5,000
562395,550	1,000
562403,550	2,000
562411,550	1,000
562419,550	2,000
562427,551	6,000
562435,551	5,000
562443,551	4,000
562451,551	2,000
562459,551	5,000
562467,551	4,000
562475,552	1,000
562483,552	3,000
562491,552	5,000
562499,552	2,000
562507,552	7,000
562515,552	3,000
562523,553	4,000
562531,553	1,000
562539,553	7,000
562547,553	3,000
562555,553	1,000
562563,553	4,000
562571,554	3,000
562579,554	3,000
562587,554	3,000
562595,554	1,000
562603,554	5,000
562611,554	5,000
562619,555	4,000
562627,555	4,000
562635,555	5,000
562643,555	2,000
562651,555	6,000
562659,555	4,000
562667,556	2,000
562675,556	2,000
562683,556	2,000
562691,556	6,000
562699,556	2,000
562707,556	3,000
562715,557	3,000
562723,557	1,000
562731,557	2,000
562739,557	2,000
562747,557	8,000
562755,557	3,000
562763,558	3,000
562771,558	3,000
562779,558	3,000
562787,558	3,000
562795,558	2,000
562803,558	5,000
562811,559	4,000
562819,559	2,000
562827,559	3,000
562835,559	7,000
562843,559	9,000
562851,559	8,000
562859,560	1,000
562867,560	4,000
562875,560	4,000
562883,560	1,000
562891,560	5,000
562899,560	5,000
562907,561	7,000
562915,561	4,000
562923,561	7,000
562931,561	4,000
562939,561	5,000
562947,561	3,000
562955,562	4,000
562963,562	1,000
562971,562	5,000
562979,562	9,000
562987,562	2,000
562995,562	4,000
563003,563	5,000
563011,563	1,000
563019,563	4,000
563027,563	2,000
563035,563	5,000
563043,563	7,000
563051,564	6,000
563059,564	5,000
563067,564	6,000
563075,564	6,000
563083,564	5,000
563091,564	2,000
563099,565	1,000
563107,565	3,000
563115,565	4,000
563123,565	7,000
563131,565	3,000
563139,565	2,000
563147,566	10,000
563155,566	5,000
563163,566	2,000
563171,566	7,000
563179,566	7,000
563187,566	6,000
563195,567	6,000
563203,567	3,000
563211,567	3,000
563219,567	5,000
563227,567	8,000
563235,567	6,000
563243,568	4,000
563251,568	8,000
563259,568	8,000
563267,568	6,000
563275,568	9,000
563283,568	5,000
563291,569	4,000
563299,569	5,000
563307,569	5,000
563315,569	6,000
563323,569	6,000
563331,569	10,000
563339,570	5,000
563347,570	3,000
563355,570	4,000
563363,570	5,000
563371,570	7,000
563379,570	6,000
563387,571	2,000
563395,571	5,000
563403,571	6,000
563411,571	5,000
563419,571	2,000
563427,571	5,000
563435,572	4,000
563443,572	9,000
563451,572	6,000
563459,572	10,000
563467,572	8,000
563475,572	7,000
563483,573	8,000
563491,573	5,000
563499,573	6,000
563507,573	3,000
563515,573	5,000
563523,573	6,000
563531,574	5,000
563539,574	5,000
563547,574	3,000
563555,574	4,000
563563,574	4,000
563571,574	7,000
563579,575	7,000
563587,575	6,000
563595,575	10,000
563603,575	5,000
563611,575	9,000
563619,575	2,000
563627,576	7,000
563635,576	7,000
563643,576	9,000
563651,576	5,000
563659,576	7,000
563667,576	4,000
563675,577	5,000
563683,577	8,000
563691,577	9,000
563699,577	8,000
563707,577	6,000
563715,577	10,000
563723,578	7,000
563731,578	8,000
563739,578	7,000
563747,578	10,000
563755,578	8,000
563763,578	6,000
563771,579	9,000
563779,579	7,000
563787,579	5,000
563795,579	5,000
563803,579	2,000
563811,579	11,000
563819,580	12,000
563827,580	9,000
563835,580	4,000
563843,580	13,000
563851,580	15,000
563859,580	8,000
563867,581	15,000
563875,581	6,000
563883,581	12,000
563891,581	7,000
563899,581	11,000
563907,581	10,000
563915,582	15,000
563923,582	8,000
563931,582	11,000
563939,582	14,000
563947,582	5,000
563955,582	9,000
563963,583	13,000
563971,583	9,000
563979,583	8,000
563987,583	9,000
563995,583	9,000
564003,583	12,000
564011,584	11,000
564019,584	9,000
564027,584	8,000
564035,584	11,000
564043,584	13,000
564051,584	11,000
564059,585	14,000
564067,585	6,000
564075,585	12,000
564083,585	14,000
564091,585	7,000
564099,585	16,000
564107,586	12,000
564115,586	9,000
564123,586	8,000
564131,586	14,000
564139,586	11,000
564147,586	9,000
564155,587	11,000
564163,587	12,000
564171,587	13,000
564179,587	7,000
564187,587	14,000
564195,587	20,000
564203,588	11,000
564211,588	18,000
564219,588	22,000
564227,588	12,000
564235,588	7,000
564243,588	13,000
564251,589	14,000
564259,589	16,000
564267,589	16,000
564275,589	21,000
564283,589	10,000
564291,589	10,000
564299,590	17,000
564307,590	10,000
564315,590	11,000
564323,590	14,000
564331,590	16,000
564339,590	14,000
564347,591	9,000
564355,591	17,000
564363,591	16,000
564371,591	16,000
564379,591	12,000
564387,591	13,000
564395,592	9,000
564403,592	12,000
564411,592	13,000
564419,592	17,000
564427,592	23,000
564435,592	13,000
564443,593	15,000
564451,593	10,000
564459,593	17,000
564467,593	19,000
564475,593	18,000
564483,593	20,000
564491,594	13,000
564499,594	17,000
564507,594	23,000
564515,594	23,000
564523,594	19,000
564531,594	15,000
564539,595	11,000
564547,595	16,000
564555,595	11,000
564563,595	12,000
564571,595	13,000
564579,595	26,000
564587,596	24,000
564595,596	19,000
564603,596	15,000
564611,596	17,000
564619,596	21,000
564627,596	9,000
564635,597	18,000
564643,597	23,000
564651,597	16,000
564659,597	18,000
564667,597	22,000
564675,597	22,000
564683,598	17,000
564691,598	16,000
564699,598	16,000
564707,598	16,000
564715,598	12,000
564723,598	16,000
564731,599	21,000
564739,599	18,000
564747,599	22,000
564755,599	19,000
564763,599	11,000
564771,599	24,000
564779,600	14,000
564787,600	21,000
564795,600	18,000
564803,600	14,000
564811,600	19,000
564819,600	16,000
564827,601	21,000
564835,601	23,000
564843,601	19,000
564851,601	19,000
564859,601	27,000
564867,601	21,000
564875,602	16,000
564883,602	11,000
564891,602	17,000
564899,602	18,000
564907,602	17,000
564915,602	21,000
564923,603	9,000
564931,603	25,000
564939,603	22,000
564947,603	25,000
564955,603	16,000
564963,603	20,000
564971,604	21,000
564979,604	24,000
564987,604	14,000
564995,604	20,000
565003,604	15,000
565011,604	16,000
565019,605	22,000
565027,605	24,000
565035,605	13,000
565043,605	17,000
565051,605	20,000
565059,605	16,000
565067,606	23,000
565075,606	19,000
565083,606	15,000
565091,606	28,000
565099,606	15,000
565107,606	18,000
565115,607	17,000
565123,607	18,000
565131,607	19,000
565139,607	25,000
565147,607	13,000
565155,607	27,000
565163,608	24,000
565171,608	21,000
565179,608	13,000
565187,608	21,000
565195,608	29,000
565203,608	23,000
565211,609	23,000
565219,609	21,000
565227,609	25,000
565235,609	22,000
565243,609	22,000
565251,609	21,000
565259,610	22,000
565267,610	21,000
565275,610	26,000
565283,610	17,000
565291,610	15,000
565299,610	24,000
565307,611	15,000
565315,611	22,000
565323,611	16,000
565331,611	23,000
565339,611	22,000
565347,611	23,000
565355,612	21,000
565363,612	30,000
565371,612	29,000
565379,612	22,000
565387,612	14,000
565395,612	22,000
565403,613	20,000
565411,613	16,000
565419,613	29,000
565427,613	17,000
565435,613	18,000
565443,613	21,000
565451,614	19,000
565459,614	28,000
565467,614	17,000
565475,614	18,000
565483,614	24,000
565491,614	22,000
565499,615	19,000
565507,615	30,000
565515,615	19,000
565523,615	24,000
565531,615	24,000
565539,615	30,000
565547,616	21,000
565555,616	21,000
565563,616	17,000
565571,616	24,000
565579,616	22,000
565587,616	20,000
565595,617	22,000
565603,617	24,000
565611,617	14,000
565619,617	19,000
565627,617	24,000
565635,617	24,000
565643,618	25,000
565651,618	15,000
565659,618	14,000
565667,618	19,000
565675,618	26,000
565683,618	23,000
565691,619	30,000
565699,619	26,000
565707,619	25,000
565715,619	25,000
565723,619	30,000
565731,619	19,000
565739,620	17,000
565747,620	15,000
565755,620	18,000
565763,620	24,000
565771,620	23,000
565779,620	25,000
565787,621	27,000
565795,621	19,000
565803,621	21,000
565811,621	30,000
565819,621	22,000
565827,621	26,000
565835,622	24,000
565843,622	23,000
565851,622	23,000
565859,622	31,000
565867,622	23,000
565875,622	27,000
565883,623	29,000
565891,623	19,000
565899,623	25,000
565907,623	25,000
565915,623	26,000
565923,623	21,000
565931,624	22,000
565939,624	22,000
565947,624	24,000
565955,624	18,000
565963,624	28,000
565971,624	29,000
565979,625	25,000
565987,625	20,000
565995,625	20,000
566003,625	34,000
566011,625	30,000
566019,625	25,000
566027,626	35,000
566035,626	25,000
566043,626	24,000
566051,626	26,000
566059,626	26,000
566067,626	33,000
566075,627	27,000
566083,627	28,000
566091,627	31,000
566099,627	30,000
566107,627	23,000
566115,627	26,000
566123,628	24,000
566131,628	31,000
566139,628	28,000
566147,628	19,000
566155,628	18,000
566163,628	32,000
566171,629	28,000
566179,629	46,000
566187,629	27,000
566195,629	20,000
566203,629	25,000
566211,629	23,000
566219,630	27,000
566227,630	20,000
566235,630	30,000
566243,630	23,000
566251,630	23,000
566259,630	32,000
566267,631	32,000
566275,631	42,000
566283,631	18,000
566291,631	30,000
566299,631	30,000
566307,631	28,000
566315,632	18,000
566323,632	22,000
566331,632	25,000
566339,632	27,000
566347,632	28,000
566355,632	31,000
566363,633	26,000
566371,633	32,000
566379,633	23,000
566387,633	31,000
566395,633	34,000
566403,633	32,000
566411,634	28,000
566419,634	36,000
566427,634	25,000
566435,634	27,000
566443,634	21,000
566451,634	29,000
566459,635	31,000
566467,635	24,000
566475,635	30,000
566483,635	26,000
566491,635	22,000
566499,635	32,000
566507,636	33,000
566515,636	26,000
566523,636	40,000
566531,636	25,000
566539,636	24,000
566547,636	28,000
566555,637	40,000
566563,637	28,000
566571,637	29,000
566579,637	27,000
566587,637	21,000
566595,637	31,000
566603,638	25,000
566611,638	24,000
566619,638	29,000
566627,638	29,000
566635,638	26,000
566643,638	31,000
566651,639	41,000
566659,639	27,000
566667,639	35,000
566675,639	32,000
566683,639	27,000
566691,639	33,000
566699,640	29,000
566707,640	33,000
566715,640	30,000
566723,640	27,000
566731,640	25,000
566739,640	30,000
566747,641	25,000
566755,641	25,000
566763,641	31,000
566771,641	26,000
566779,641	37,000
566787,641	27,000
566795,642	23,000
566803,642	38,000
566811,642	35,000
566819,642	31,000
566827,642	26,000
566835,642	36,000
566843,643	36,000
566851,643	27,000
566859,643	29,000
566867,643	27,000
566875,643	28,000
566883,643	49,000
566891,644	40,000
566899,644	37,000
566907,644	36,000
566915,644	37,000
566923,644	36,000
566931,644	38,000
566939,645	36,000
566947,645	26,000
566955,645	37,000
566963,645	31,000
566971,645	34,000
566979,645	30,000
566987,646	36,000
566995,646	28,000
567003,646	32,000
567011,646	40,000
567019,646	42,000
567027,646	29,000
567035,647	35,000
567043,647	36,000
567051,647	48,000
567059,647	35,000
567067,647	37,000
567075,647	34,000
567083,648	40,000
567091,648	40,000
567099,648	35,000
567107,648	35,000
567115,648	38,000
567123,648	35,000
567131,649	28,000
567139,649	35,000
567147,649	38,000
567155,649	37,000
567163,649	44,000
567171,649	33,000
567179,650	33,000
567187,650	40,000
567195,650	31,000
567203,650	40,000
567211,650	32,000
567219,650	36,000
567227,651	42,000
567235,651	31,000
567243,651	42,000
567251,651	41,000
567259,651	38,000
567267,651	47,000
567275,652	28,000
567283,652	33,000
567291,652	32,000
567299,652	58,000
567307,652	37,000
567315,652	41,000
567323,653	45,000
567331,653	42,000
567339,653	42,000
567347,653	33,000
567355,653	53,000
567363,653	32,000
567371,654	47,000
567379,654	48,000
567387,654	37,000
567395,654	41,000
567403,654	41,000
567411,654	39,000
567419,655	33,000
567427,655	35,000
567435,655	39,000
567443,655	52,000
567451,655	46,000
567459,655	39,000
567467,656	35,000
567475,656	46,000
567483,656	55,000
567491,656	32,000
567499,656	31,000
567507,656	43,000
567515,657	41,000
567523,657	32,000
567531,657	47,000
567539,657	38,000
567547,657	50,000
567555,657	33,000
567563,658	37,000
567571,658	64,000
567579,658	40,000
567587,658	41,000
567595,658	57,000
567603,658	47,000
567611,659	48,000
567619,659	50,000
567627,659	37,000
567635,659	52,000
567643,659	50,000
567651,659	45,000
567659,660	47,000
567667,660	69,000
567675,660	56,000
567683,660	32,000
567691,660	49,000
567699,660	41,000
567707,661	42,000
567715,661	39,000
567723,661	45,000
567731,661	40,000
567739,661	39,000
567747,661	52,000
567755,662	60,000
567763,662	41,000
567771,662	51,000
567779,662	53,000
567787,662	44,000
567795,662	46,000
567803,663	57,000
567811,663	43,000
567819,663	56,000
567827,663	59,000
567835,663	39,000
567843,663	49,000
567851,664	49,000
567859,664	44,000
567867,664	40,000
567875,664	55,000
567883,664	53,000
567891,664	38,000
567899,665	47,000
567907,665	51,000
567915,665	54,000
567923,665	47,000
567931,665	54,000
567939,665	50,000
567947,666	48,000
567955,666	61,000
567963,666	59,000
567971,666	56,000
567979,666	53,000
567987,666	45,000
567995,667	50,000
568003,667	58,000
568011,667	49,000
568019,667	50,000
568027,667	32,000
568035,667	52,000
568043,668	59,000
568051,668	49,000
568059,668	54,000
568067,668	60,000
568075,668	49,000
568083,668	37,000
568091,669	61,000
568099,669	42,000
568107,669	53,000
568115,669	52,000
568123,669	48,000
568131,669	59,000
568139,670	48,000
568147,670	50,000
568155,670	53,000
568163,670	55,000
568171,670	56,000
568179,670	47,000
568187,671	53,000
568195,671	48,000
568203,671	41,000
568211,671	54,000
568219,671	50,000
568227,671	53,000
568235,672	59,000
568243,672	38,000
568251,672	47,000
568259,672	62,000
568267,672	64,000
568275,672	65,000
568283,673	62,000
568291,673	44,000
568299,673	46,000
568307,673	47,000
568315,673	50,000
568323,673	38,000
568331,674	50,000
568339,674	47,000
568347,674	54,000
568355,674	45,000
568363,674	44,000
568371,674	41,000
568379,675	49,000
568387,675	46,000
568395,675	45,000
568403,675	33,000
568411,675	38,000
568419,675	50,000
568427,676	54,000
568435,676	60,000
568443,676	45,000
568451,676	49,000
568459,676	49,000
568467,676	45,000
568475,677	47,000
568483,677	53,000
568491,677	52,000
568499,677	45,000
568507,677	57,000
568515,677	54,000
568523,678	47,000
568531,678	31,000
568539,678	42,000
568547,678	40,000
568555,678	47,000
568563,678	53,000
568571,679	59,000
568579,679	47,000
568587,679	44,000
568595,679	54,000
568603,679	48,000
568611,679	54,000
568619,680	35,000
568627,680	56,000
568635,680	45,000
568643,680	55,000
568651,680	55,000
568659,680	49,000
568667,681	48,000
568675,681	55,000
568683,681	56,000
568691,681	50,000
568699,681	42,000
568707,681	58,000
568715,682	64,000
568723,682	62,000
568731,682	50,000
568739,682	51,000
568747,682	62,000
568755,682	52,000
568763,683	45,000
568771,683	46,000
568779,683	54,000
568787,683	48,000
568795,683	53,000
568803,683	69,000
568811,684	50,000
568819,684	50,000
568827,684	47,000
568835,684	43,000
568843,684	54,000
568851,684	46,000
568859,685	41,000
568867,685	53,000
568875,685	47,000
568883,685	37,000
568891,685	55,000
568899,685	46,000
568907,686	60,000
568915,686	43,000
568923,686	57,000
568931,686	55,000
568939,686	56,000
568947,686	50,000
568955,687	58,000
568963,687	44,000
568971,687	47,000
568979,687	49,000
568987,687	54,000
568995,687	54,000
569003,688	50,000
569011,688	50,000
569019,688	48,000
569027,688	49,000
569035,688	53,000
569043,688	48,000
569051,689	52,000
569059,689	55,000
569067,689	55,000
569075,689	42,000
569083,689	54,000
569091,689	49,000
569099,690	51,000
569107,690	52,000
569115,690	47,000
569123,690	56,000
569131,690	49,000
569139,690	49,000
569147,691	50,000
569155,691	45,000
569163,691	52,000
569171,691	58,000
569179,691	52,000
569187,691	53,000
569195,692	62,000
569203,692	57,000
569211,692	53,000
569219,692	64,000
569227,692	58,000
569235,692	44,000
569243,693	50,000
569251,693	44,000
569259,693	53,000
569267,693	55,000
569275,693	56,000
569283,693	34,000
569291,694	51,000
569299,694	46,000
569307,694	52,000
569315,694	45,000
569323,694	42,000
569331,694	50,000
569339,695	63,000
569347,695	49,000
569355,695	41,000
569363,695	57,000
569371,695	44,000
569379,695	41,000
569387,696	46,000
569395,696	47,000
569403,696	52,000
569411,696	37,000
569419,696	42,000
569427,696	45,000
569435,697	38,000
569443,697	44,000
569451,697	57,000
569459,697	47,000
569467,697	48,000
569475,697	53,000
569483,698	49,000
569491,698	58,000
569499,698	53,000
569507,698	52,000
569515,698	39,000
569523,698	67,000
569531,699	48,000
569539,699	55,000
569547,699	55,000
569555,699	48,000
569563,699	53,000
569571,699	41,000
569579,700	59,000
569587,700	63,000
569595,700	60,000
569603,700	45,000
569611,700	56,000
569619,700	65,000
569627,701	55,000
569635,701	60,000
569643,701	40,000
569651,701	47,000
569659,701	57,000
569667,701	55,000
569675,702	60,000
569683,702	56,000
569691,702	55,000
569699,702	52,000
569707,702	52,000
569715,702	57,000
569723,703	36,000
569731,703	48,000
569739,703	47,000
569747,703	38,000
569755,703	43,000
569763,703	52,000
569771,704	63,000
569779,704	37,000
569787,704	57,000
569795,704	58,000
569803,704	47,000
569811,704	55,000
569819,705	52,000
569827,705	52,000
569835,705	56,000
569843,705	55,000
569851,705	57,000
569859,705	69,000
569867,706	52,000
569875,706	68,000
569883,706	54,000
569891,706	47,000
569899,706	70,000
569907,706	52,000
569915,707	60,000
569923,707	53,000
569931,707	54,000
569939,707	57,000
569947,707	59,000
569955,707	64,000
569963,708	66,000
569971,708	53,000
569979,708	51,000
569987,708	62,000
569995,708	52,000
570003,708	58,000
570011,709	49,000
570019,709	62,000
570027,709	47,000
570035,709	56,000
570043,709	57,000
570051,709	53,000
570059,710	57,000
570067,710	62,000
570075,710	51,000
570083,710	61,000
570091,710	57,000
570099,710	63,000
570107,711	58,000
570115,711	59,000
570123,711	59,000
570131,711	57,000
570139,711	68,000
570147,711	85,000
570155,712	55,000
570163,712	50,000
570171,712	47,000
570179,712	61,000
570187,712	58,000
570195,712	65,000
570203,713	49,000
570211,713	55,000
570219,713	83,000
570227,713	55,000
570235,713	71,000
570243,713	66,000
570251,714	58,000
570259,714	53,000
570267,714	61,000
570275,714	65,000
570283,714	61,000
570291,714	74,000
570299,715	63,000
570307,715	59,000
570315,715	51,000
570323,715	72,000
570331,715	57,000
570339,715	57,000
570347,716	58,000
570355,716	75,000
570363,716	68,000
570371,716	48,000
570379,716	57,000
570387,716	62,000
570395,717	49,000
570403,717	66,000
570411,717	46,000
570419,717	62,000
570427,717	69,000
570435,717	58,000
570443,718	53,000
570451,718	61,000
570459,718	56,000
570467,718	74,000
570475,718	70,000
570483,718	51,000
570491,719	56,000
570499,719	52,000
570507,719	66,000
570515,719	54,000
570523,719	66,000
570531,719	61,000
570539,720	54,000
570547,720	65,000
570555,720	71,000
570563,720	72,000
570571,720	73,000
570579,720	76,000
570587,721	65,000
570595,721	53,000
570603,721	73,000
570611,721	45,000
570619,721	47,000
570627,721	71,000
570635,722	60,000
570643,722	71,000
570651,722	63,000
570659,722	58,000
570667,722	54,000
570675,722	59,000
570683,723	69,000
570691,723	82,000
570699,723	59,000
570707,723	79,000
570715,723	64,000
570723,723	81,000
570731,724	68,000
570739,724	71,000
570747,724	53,000
570755,724	80,000
570763,724	69,000
570771,724	60,000
570779,725	71,000
570787,725	83,000
570795,725	68,000
570803,725	60,000
570811,725	70,000
570819,725	65,000
570827,726	67,000
570835,726	68,000
570843,726	66,000
570851,726	72,000
570859,726	53,000
570867,726	75,000
570875,727	58,000
570883,727	83,000
570891,727	67,000
570899,727	74,000
570907,727	74,000
570915,727	71,000
570923,728	79,000
570931,728	66,000
570939,728	71,000
570947,728	70,000
570955,728	74,000
570963,728	69,000
570971,729	69,000
570979,729	72,000
570987,729	68,000
570995,729	63,000
571003,729	69,000
571011,729	73,000
571019,730	74,000
571027,730	87,000
571035,730	76,000
571043,730	74,000
571051,730	72,000
571059,730	68,000
571067,731	66,000
571075,731	72,000
571083,731	73,000
571091,731	82,000
571099,731	64,000
571107,731	84,000
571115,732	66,000
571123,732	67,000
571131,732	92,000
571139,732	86,000
571147,732	66,000
571155,732	66,000
571163,733	84,000
571171,733	83,000
571179,733	87,000
571187,733	78,000
571195,733	76,000
571203,733	67,000
571211,734	72,000
571219,734	63,000
571227,734	97,000
571235,734	76,000
571243,734	69,000
571251,734	78,000
571259,735	86,000
571267,735	87,000
571275,735	75,000
571283,735	68,000
571291,735	86,000
571299,735	72,000
571307,736	82,000
571315,736	85,000
571323,736	75,000
571331,736	72,000
571339,736	74,000
571347,736	77,000
571355,737	81,000
571363,737	91,000
571371,737	73,000
571379,737	87,000
571387,737	83,000
571395,737	80,000
571403,738	99,000
571411,738	82,000
571419,738	76,000
571427,738	77,000
571435,738	80,000
571443,738	72,000
571451,739	76,000
571459,739	84,000
571467,739	68,000
571475,739	64,000
571483,739	82,000
571491,739	92,000
571499,740	89,000
571507,740	65,000
571515,740	89,000
571523,740	72,000
571531,740	77,000
571539,740	76,000
571547,741	83,000
571555,741	84,000
571563,741	105,000
571571,741	74,000
571579,741	75,000
571587,741	96,000
571595,742	78,000
571603,742	71,000
571611,742	99,000
571619,742	86,000
571627,742	94,000
571635,742	82,000
571643,743	77,000
571651,743	60,000
571659,743	97,000
571667,743	98,000
571675,743	79,000
571683,743	83,000
571691,744	84,000
571699,744	87,000
571707,744	88,000
571715,744	94,000
571723,744	96,000
571731,744	75,000
571739,745	88,000
571747,745	79,000
571755,745	86,000
571763,745	94,000
571771,745	112,000
571779,745	91,000
571787,746	82,000
571795,746	99,000
571803,746	86,000
571811,746	105,000
571819,746	106,000
571827,746	86,000
571835,747	110,000
571843,747	109,000
571851,747	114,000
571859,747	99,000
571867,747	102,000
571875,747	111,000
571883,748	95,000
571891,748	112,000
571899,748	97,000
571907,748	110,000
571915,748	108,000
571923,748	105,000
571931,749	107,000
571939,749	126,000
571947,749	128,000
571955,749	131,000
571963,749	124,000
571971,749	119,000
571979,750	137,000
571987,750	126,000
571995,750	110,000
572003,750	126,000
572011,750	139,000
572019,750	123,000
572027,751	117,000
572035,751	146,000
572043,751	136,000
572051,751	137,000
572059,751	156,000
572067,751	146,000
572075,752	143,000
572083,752	144,000
572091,752	140,000
572099,752	145,000
572107,752	161,000
572115,752	158,000
572123,753	165,000
572131,753	155,000
572139,753	165,000
572147,753	194,000
572155,753	202,000
572163,753	173,000
572171,754	180,000
572179,754	175,000
572187,754	164,000
572195,754	176,000
572203,754	209,000
572211,754	176,000
572219,755	202,000
572227,755	218,000
572235,755	188,000
572243,755	228,000
572251,755	220,000
572259,755	210,000
572267,756	205,000
572275,756	198,000
572283,756	248,000
572291,756	218,000
572299,756	228,000
572307,756	233,000
572315,757	250,000
572323,757	215,000
572331,757	236,000
572339,757	230,000
572347,757	222,000
572355,757	228,000
572363,758	248,000
572371,758	220,000
572379,758	283,000
572387,758	261,000
572395,758	242,000
572403,758	250,000
572411,759	240,000
572419,759	230,000
572427,759	233,000
572435,759	234,000
572443,759	255,000
572451,759	244,000
572459,760	285,000
572467,760	261,000
572475,760	252,000
572483,760	276,000
572491,760	251,000
572499,760	251,000
572507,761	234,000
572515,761	257,000
572523,761	254,000
572531,761	288,000
572539,761	260,000
572547,761	266,000
572555,762	240,000
572563,762	249,000
572571,762	244,000
572579,762	256,000
572587,762	215,000
572595,762	258,000
572603,763	268,000
572611,763	233,000
572619,763	262,000
572627,763	238,000
572635,763	289,000
572643,763	243,000
572651,764	251,000
572659,764	245,000
572667,764	238,000
572675,764	218,000
572683,764	223,000
572691,764	228,000
572699,765	234,000
572707,765	221,000
572715,765	216,000
572723,765	221,000
572731,765	189,000
572739,765	217,000
572747,766	182,000
572755,766	211,000
572763,766	223,000
572771,766	227,000
572779,766	191,000
572787,766	191,000
572795,767	213,000
572803,767	198,000
572811,767	210,000
572819,767	185,000
572827,767	214,000
572835,767	200,000
572843,768	211,000
572851,768	168,000
572859,768	184,000
572867,768	194,000
572875,768	189,000
572883,768	181,000
572891,769	179,000
572899,769	179,000
572907,769	160,000
572915,769	183,000
572923,769	187,000
572931,769	157,000
572939,770	173,000
572947,770	147,000
572955,770	160,000
572963,770	165,000
572971,770	158,000
572979,770	144,000
572987,771	159,000
572995,771	178,000
573003,771	159,000
573011,771	156,000
573019,771	154,000
573027,771	146,000
573035,772	154,000
573043,772	160,000
573051,772	163,000
573059,772	146,000
573067,772	148,000
573075,772	151,000
573083,773	152,000
573091,773	163,000
573099,773	136,000
573107,773	177,000
573115,773	142,000
573123,773	150,000
573131,774	146,000
573139,774	145,000
573147,774	140,000
573155,774	152,000
573163,774	143,000
573171,774	139,000
573179,775	159,000
573187,775	166,000
573195,775	139,000
573203,775	129,000
573211,775	138,000
573219,775	138,000
573227,776	145,000
573235,776	149,000
573243,776	139,000
573251,776	143,000
573259,776	172,000
573267,776	140,000
573275,777	167,000
573283,777	153,000
573291,777	159,000
573299,777	155,000
573307,777	147,000
573315,777	146,000
573323,778	148,000
573331,778	160,000
573339,778	154,000
573347,778	174,000
573355,778	163,000
573363,778	183,000
573371,779	184,000
573379,779	161,000
573387,779	179,000
573395,779	153,000
573403,779	187,000
573411,779	147,000
573419,780	161,000
573427,780	188,000
573435,780	176,000
573443,780	198,000
573451,780	163,000
573459,780	183,000
573467,781	185,000
573475,781	202,000
573483,781	173,000
573491,781	195,000
573499,781	213,000
573507,781	175,000
573515,782	178,000
573523,782	199,000
573531,782	210,000
573539,782	188,000
573547,782	197,000
573555,782	197,000
573563,783	209,000
573571,783	219,000
573579,783	216,000
573587,783	208,000
573595,783	194,000
573603,783	215,000
573611,784	211,000
573619,784	211,000
573627,784	201,000
573635,784	230,000
573643,784	212,000
573651,784	211,000
573659,785	198,000
573667,785	170,000
573675,785	198,000
573683,785	210,000
573691,785	193,000
573699,785	213,000
573707,786	210,000
573715,786	218,000
573723,786	213,000
573731,786	221,000
573739,786	199,000
573747,786	185,000
573755,787	221,000
573763,787	182,000
573771,787	193,000
573779,787	178,000
573787,787	169,000
573795,787	187,000
573803,788	186,000
573811,788	186,000
573819,788	194,000
573827,788	182,000
573835,788	182,000
573843,788	189,000
573851,789	189,000
573859,789	176,000
573867,789	150,000
573875,789	187,000
573883,789	185,000
573891,789	203,000
573899,790	160,000
573907,790	160,000
573915,790	179,000
573923,790	193,000
573931,790	157,000
573939,790	164,000
573947,791	150,000
573955,791	173,000
573963,791	152,000
573971,791	182,000
573979,791	179,000
573987,791	185,000
573995,792	146,000
574003,792	180,000
574011,792	176,000
574019,792	176,000
574027,792	187,000
574035,792	178,000
574043,793	187,000
574051,793	169,000
574059,793	185,000
574067,793	209,000
574075,793	201,000
574083,793	207,000
574091,794	190,000
574099,794	205,000
574107,794	200,000
574115,794	226,000
574123,794	230,000
574131,794	213,000
574139,795	217,000
574147,795	223,000
574155,795	249,000
574163,795	280,000
574171,795	260,000
574179,795	273,000
574187,796	280,000
574195,796	260,000
574203,796	327,000
574211,796	293,000
574219,796	364,000
574227,796	339,000
574235,797	338,000
574243,797	338,000
574251,797	377,000
574259,797	363,000
574267,797	398,000
574275,797	372,000
574283,798	426,000
574291,798	422,000
574299,798	419,000
574307,798	426,000
574315,798	453,000
574323,798	471,000
574331,799	523,000
574339,799	479,000
574347,799	534,000
574355,799	483,000
574363,799	531,000
574371,799	540,000
574379,800	529,000
574387,800	552,000
574395,800	600,000
574403,800	570,000
574411,800	617,000
574419,800	593,000
574427,801	563,000
574435,801	611,000
574443,801	571,000
574451,801	574,000
574459,801	584,000
574467,801	582,000
574475,802	577,000
574483,802	612,000
574491,802	575,000
574499,802	598,000
574507,802	550,000
574515,802	628,000
574523,803	522,000
574531,803	516,000
574539,803	569,000
574547,803	518,000
574555,803	544,000
574563,803	544,000
574571,804	583,000
574579,804	556,000
574587,804	517,000
574595,804	527,000
574603,804	561,000
574611,804	523,000
574619,805	508,000
574627,805	507,000
574635,805	514,000
574643,805	467,000
574651,805	526,000
574659,805	491,000
574667,806	497,000
574675,806	499,000
574683,806	546,000
574691,806	539,000
574699,806	535,000
574707,806	529,000
574715,807	559,000
574723,807	579,000
574731,807	619,000
574739,807	649,000
574747,807	665,000
574755,807	719,000
574763,808	725,000
574771,808	752,000
574779,808	791,000
574787,808	821,000
574795,808	900,000
574803,808	849,000
574811,809	932,000
574819,809	1001,000
574827,809	1035,000
574835,809	1116,000
574843,809	1216,000
574851,809	1263,000
574859,810	1301,000
574867,810	1403,000
574875,810	1558,000
574883,810	1620,000
574891,810	1581,000
574899,810	1635,000
574907,811	1746,000
574915,811	1851,000
574923,811	1913,000
574931,811	1999,000
574939,811	1957,000
574947,811	2085,000
574955,812	2142,000
574963,812	2114,000
574971,812	2249,000
574979,812	2212,000
574987,812	2304,000
574995,812	2272,000
575003,813	2271,000
575011,813	2339,000
575019,813	2311,000
575027,813	2254,000
575035,813	2324,000
575043,813	2326,000
575051,814	2234,000
575059,814	2312,000
575067,814	2239,000
575075,814	2241,000
575083,814	2118,000
575091,814	2107,000
575099,815	2128,000
575107,815	2053,000
575115,815	1912,000
575123,815	1868,000
575131,815	1935,000
575139,815	1804,000
575147,816	1760,000
575155,816	1694,000
575163,816	1751,000
575171,816	1595,000
575179,816	1600,000
575187,816	1500,000
575195,817	1330,000
575203,817	1451,000
575211,817	1353,000
575219,817	1300,000
575227,817	1351,000
575235,817	1264,000
575243,818	1298,000
575251,818	1230,000
575259,818	1154,000
575267,818	1155,000
575275,818	1218,000
575283,818	1153,000
575291,819	1163,000
575299,819	1125,000
575307,819	1168,000
575315,819	1117,000
575323,819	1115,000
575331,819	1140,000
575339,820	1150,000
575347,820	1171,000
575355,820	1153,000
575363,820	1150,000
575371,820	1172,000
575379,820	1203,000
575387,821	1210,000
575395,821	1236,000
575403,821	1218,000
575411,821	1257,000
575419,821	1189,000
575427,821	1248,000
575435,822	1252,000
575443,822	1237,000
575451,822	1308,000
575459,822	1248,000
575467,822	1315,000
575475,822	1284,000
575483,823	1292,000
575491,823	1216,000
575499,823	1264,000
575507,823	1203,000
575515,823	1217,000
575523,823	1180,000
575531,824	1249,000
575539,824	1236,000
575547,824	1226,000
575555,824	1159,000
575563,824	1217,000
575571,824	1140,000
575579,825	1173,000
575587,825	1154,000
575595,825	1192,000
575603,825	1193,000
575611,825	1175,000
575619,825	1206,000
575627,826	1207,000
575635,826	1148,000
575643,826	1187,000
575651,826	1225,000
575659,826	1237,000
575667,826	1245,000
575675,827	1190,000
575683,827	1333,000
575691,827	1351,000
575699,827	1393,000
575707,827	1396,000
575715,827	1404,000
575723,828	1467,000
575731,828	1520,000
575739,828	1618,000
575747,828	1707,000
575755,828	1779,000
575763,828	1895,000
575771,829	2012,000
575779,829	2044,000
575787,829	2211,000
575795,829	2398,000
575803,829	2388,000
575811,829	2728,000
575819,830	2835,000
575827,830	2906,000
575835,830	3127,000
575843,830	3245,000
575851,830	3425,000
575859,830	3596,000
575867,831	3833,000
575875,831	4207,000
575883,831	4413,000
575891,831	4578,000
575899,831	4914,000
575907,831	4986,000
575915,832	5282,000
575923,832	5540,000
575931,832	5608,000
575939,832	5860,000
575947,832	6215,000
575955,832	6282,000
575963,833	6592,000
575971,833	6955,000
575979,833	7298,000
575987,833	7277,000
575995,833	7463,000
576003,833	7592,000
576011,834	7827,000
576019,834	7813,000
576027,834	8029,000
576035,834	7899,000
576043,834	7947,000
576051,834	8190,000
576059,835	8176,000
576067,835	8110,000
576075,835	8124,000
576083,835	8057,000
576091,835	7886,000
576099,835	7805,000
576107,836	7759,000
576115,836	7633,000
576123,836	7720,000
576131,836	7651,000
576139,836	7310,000
576147,836	7340,000
576155,837	7109,000
576163,837	7076,000
576171,837	6938,000
576179,837	6892,000
576187,837	6680,000
576195,837	6583,000
576203,838	6475,000
576211,838	6274,000
576219,838	6309,000
576227,838	5943,000
576235,838	5803,000
576243,838	5892,000
576251,839	5770,000
576259,839	5723,000
576267,839	5579,000
576275,839	5442,000
576283,839	5226,000
576291,839	5417,000
576299,840	5310,000
576307,840	5249,000
576315,840	5124,000
576323,840	4987,000
576331,840	5013,000
576339,840	5021,000
576347,841	4981,000
576355,841	4936,000
576363,841	4941,000
576371,841	4761,000
576379,841	4674,000
576387,841	4821,000
576395,842	4822,000
576403,842	4733,000
576411,842	4716,000
576419,842	4661,000
576427,842	4512,000
576435,842	4623,000
576443,843	4569,000
576451,843	4470,000
576459,843	4541,000
576467,843	4388,000
576475,843	4469,000
576483,843	4357,000
576491,844	4295,000
576499,844	4300,000
576507,844	4264,000
576515,844	4173,000
576523,844	4154,000
576531,844	4095,000
576539,845	3863,000
576547,845	3836,000
576555,845	3864,000
576563,845	3608,000
576571,845	3692,000
576579,845	3389,000
576587,846	3378,000
576595,846	3065,000
576603,846	3012,000
576611,846	2935,000
576619,846	2866,000
576627,846	2592,000
576635,847	2529,000
576643,847	2311,000
576651,847	2253,000
576659,847	2150,000
576667,847	2043,000
576675,847	1832,000
576683,848	1706,000
576691,848	1525,000
576699,848	1433,000
576707,848	1301,000
576715,848	1204,000
576723,848	1091,000
576731,849	978,000
576739,849	944,000
576747,849	855,000
576755,849	716,000
576763,849	697,000
576771,849	599,000
576779,850	513,000
576787,850	470,000
576795,850	425,000
576803,850	371,000
576811,850	309,000
576819,850	279,000
576827,851	239,000
576835,851	241,000
576843,851	180,000
576851,851	134,000
576859,851	133,000
576867,851	120,000
576875,852	107,000
576883,852	92,000
576891,852	72,000
576899,852	49,000
576907,852	53,000
576915,852	36,000
576923,853	28,000
576931,853	26,000
576939,853	28,000
576947,853	16,000
576955,853	11,000
576963,853	12,000
576971,854	13,000
576979,854	6,000
576987,854	11,000
576995,854	3,000
577003,854	2,000
577011,854	3,000
577019,855	2,000
577027,855	1,000
577035,855	0,000
577043,855	3,000
577051,855	1,000
577059,855	0,000
577067,856	0,000
577075,856	0,000
577083,856	2,000
577091,856	0,000
577099,856	0,000
577107,856	1,000
577115,857	0,000
577123,857	0,000
577131,857	0,000
577139,857	0,000
577147,857	0,000
577155,857	0,000
577163,858	0,000
577171,858	0,000
577179,858	0,000
577187,858	0,000
577195,858	0,000
577203,858	0,000
577211,859	0,000
577219,859	0,000
577227,859	0,000
577235,859	0,000
577243,859	0,000
577251,859	0,000
577259,860	0,000
577267,860	0,000
577275,860	0,000
577283,860	0,000
577291,860	0,000
577299,860	0,000
577307,861	0,000
577315,861	0,000
577323,861	0,000
577331,861	0,000
577339,861	0,000
577347,861	0,000
577355,862	0,000
577363,862	0,000
577371,862	0,000
577379,862	0,000
577387,862	0,000
577395,862	0,000
577403,863	0,000
577411,863	0,000
577419,863	0,000
577427,863	0,000
577435,863	0,000
577443,863	0,000
577451,864	0,000
577459,864	0,000
577467,864	0,000
577475,864	0,000
577483,864	0,000
577491,864	0,000
577499,865	0,000
577507,865	0,000
577515,865	0,000
577523,865	0,000
577531,865	0,000
577539,865	0,000
577547,866	0,000
577555,866	0,000
577563,866	0,000
577571,866	0,000
577579,866	0,000
577587,866	0,000
577595,867	0,000
577603,867	0,000
577611,867	0,000
577619,867	0,000
577627,867	0,000
577635,867	0,000
577643,868	0,000
577651,868	0,000
577659,868	0,000
577667,868	0,000
577675,868	0,000
577683,868	0,000
577691,869	0,000
577699,869	0,000
577707,869	0,000
577715,869	0,000
577723,869	0,000
577731,869	0,000
577739,870	0,000
577747,870	0,000
577755,870	0,000
577763,870	0,000
577771,870	0,000
577779,870	0,000
577787,871	0,000
577795,871	0,000
577803,871	0,000
577811,871	0,000
577819,871	0,000
577827,871	0,000
577835,872	0,000
577843,872	0,000
577851,872	0,000
577859,872	0,000
577867,872	0,000
577875,872	0,000
577883,873	0,000
577891,873	0,000
577899,873	0,000
577907,873	0,000
577915,873	0,000
577923,873	0,000
577931,874	0,000
577939,874	0,000
577947,874	0,000
577955,874	0,000
577963,874	0,000
577971,874	0,000
577979,875	0,000
577987,875	0,000
577995,875	0,000
578003,875	0,000
578011,875	0,000
578019,875	0,000
578027,876	0,000
578035,876	0,000
578043,876	0,000
578051,876	0,000
578059,876	0,000
578067,876	0,000
578075,877	0,000
578083,877	0,000
578091,877	0,000
578099,877	0,000
578107,877	0,000
578115,877	0,000
578123,878	0,000
578131,878	0,000
578139,878	0,000
578147,878	0,000
578155,878	0,000
578163,878	0,000
578171,879	0,000
578179,879	0,000
578187,879	0,000
578195,879	0,000
578203,879	0,000
578211,879	0,000
578219,880	0,000
578227,880	0,000
578235,880	0,000
578243,880	0,000
578251,880	0,000
578259,880	0,000
578267,881	0,000
578275,881	0,000
578283,881	0,000
578291,881	0,000
578299,881	0,000
578307,881	0,000
578315,882	0,000
578323,882	0,000
578331,882	0,000
578339,882	0,000
578347,882	0,000
578355,882	0,000
578363,883	0,000
578371,883	0,000
578379,883	0,000
578387,883	0,000
578395,883	0,000
578403,883	0,000
578411,884	0,000
578419,884	0,000
578427,884	0,000
578435,884	0,000
578443,884	0,000
578451,884	0,000
578459,885	0,000
578467,885	0,000
578475,885	0,000
578483,885	0,000
578491,885	0,000
578499,885	0,000
578507,886	0,000
578515,886	0,000
578523,886	0,000
578531,886	0,000
578539,886	0,000
578547,886	0,000
578555,887	0,000
578563,887	0,000
578571,887	0,000
578579,887	0,000
578587,887	0,000
578595,887	0,000
578603,888	0,000
578611,888	0,000
578619,888	0,000
578627,888	0,000
578635,888	0,000
578643,888	0,000
578651,889	0,000
578659,889	0,000
578667,889	0,000
578675,889	0,000
578683,889	0,000
578691,889	0,000
578699,890	0,000
578707,890	0,000
578715,890	0,000
578723,890	0,000
578731,890	0,000
578739,890	0,000
578747,891	0,000
578755,891	0,000
578763,891	0,000
578771,891	0,000
578779,891	0,000
578787,891	0,000
578795,892	0,000
578803,892	0,000
578811,892	0,000
578819,892	0,000
578827,892	0,000
578835,892	0,000
578843,893	0,000
578851,893	0,000
578859,893	0,000
578867,893	0,000
578875,893	0,000
578883,893	0,000
578891,894	0,000
578899,894	0,000
578907,894	0,000
578915,894	0,000
578923,894	0,000
578931,894	0,000
578939,895	0,000
578947,895	0,000
578955,895	0,000
578963,895	0,000
578971,895	0,000
578979,895	0,000
578987,896	0,000
578995,896	0,000
579003,896	0,000
579011,896	0,000
579019,896	0,000
579027,896	0,000
579035,897	0,000
579043,897	0,000
579051,897	0,000
579059,897	0,000
579067,897	0,000
579075,897	0,000
579083,898	0,000
579091,898	0,000
579099,898	0,000
579107,898	0,000
579115,898	0,000
579123,898	0,000
579131,899	0,000
579139,899	0,000
579147,899	0,000
579155,899	0,000
579163,899	0,000
579171,899	0,000
579179,900	0,000
579187,900	0,000
579195,900	0,000
579203,900	0,000
579211,900	0,000
579219,900	0,000
579227,901	0,000
579235,901	0,000
579243,901	0,000
579251,901	0,000
579259,901	0,000
579267,901	0,000
579275,902	0,000
579283,902	0,000
579291,902	0,000
579299,902	0,000
579307,902	0,000
579315,902	0,000
579323,903	0,000
579331,903	0,000
579339,903	0,000
579347,903	0,000
579355,903	0,000
579363,903	0,000
579371,904	0,000
579379,904	0,000
579387,904	0,000
579395,904	0,000
579403,904	0,000
579411,904	0,000
579419,905	0,000
579427,905	0,000
579435,905	0,000
579443,905	0,000
579451,905	0,000
579459,905	0,000
579467,906	0,000
579475,906	0,000
579483,906	0,000
579491,906	0,000
579499,906	0,000
579507,906	0,000
579515,907	0,000
579523,907	0,000
579531,907	0,000
579539,907	0,000
579547,907	0,000
579555,907	0,000
579563,908	0,000
579571,908	0,000
579579,908	0,000
579587,908	0,000
579595,908	0,000
579603,908	0,000
579611,909	0,000
579619,909	0,000
579627,909	0,000
579635,909	0,000
579643,909	0,000
579651,909	0,000
579659,910	0,000
579667,910	0,000
579675,910	0,000
579683,910	0,000
579691,910	0,000
579699,910	0,000
579707,911	0,000
579715,911	0,000
579723,911	0,000
579731,911	0,000
579739,911	0,000
579747,911	0,000
579755,912	0,000
579763,912	0,000
579771,912	0,000
579779,912	0,000
579787,912	0,000
579795,912	0,000
579803,913	0,000
579811,913	0,000
579819,913	0,000
579827,913	0,000
579835,913	0,000
579843,913	0,000
579851,914	0,000
579859,914	0,000
579867,914	0,000
579875,914	0,000
579883,914	0,000
579891,914	0,000
579899,915	0,000
579907,915	0,000
579915,915	0,000
579923,915	0,000
579931,915	0,000
579939,915	0,000
579947,916	0,000
579955,916	0,000
579963,916	0,000
579971,916	0,000
579979,916	0,000
579987,916	0,000
579995,917	0,000
580003,917	0,000
580011,917	0,000
580019,917	0,000
580027,917	0,000
580035,917	0,000
580043,918	0,000
580051,918	0,000
580059,918	0,000
580067,918	0,000
580075,918	0,000
580083,918	0,000
580091,919	0,000
580099,919	0,000
580107,919	0,000
580115,919	0,000
580123,919	0,000
580131,919	0,000
580139,920	0,000
580147,920	0,000
580155,920	0,000
580163,920	0,000
580171,920	0,000
580179,920	0,000
580187,921	0,000
580195,921	0,000
580203,921	0,000
580211,921	0,000
580219,921	0,000
580227,921	0,000
580235,922	0,000
580243,922	0,000
580251,922	0,000
580259,922	0,000
580267,922	0,000
580275,922	0,000
580283,923	0,000
580291,923	0,000
580299,923	0,000
580307,923	0,000
580315,923	0,000
580323,923	0,000
580331,924	0,000
580339,924	0,000
580347,924	0,000
580355,924	0,000
580363,924	0,000
580371,924	0,000
580379,925	0,000
580387,925	0,000
580395,925	0,000
580403,925	0,000
580411,925	0,000
580419,925	0,000
580427,926	0,000
580435,926	0,000
580443,926	0,000
580451,926	0,000
580459,926	0,000
580467,926	0,000
580475,927	0,000
580483,927	0,000
580491,927	0,000
580499,927	0,000
580507,927	0,000
580515,927	0,000
580523,928	0,000
580531,928	0,000
580539,928	0,000
580547,928	0,000
580555,928	0,000
580563,928	0,000
580571,929	0,000
580579,929	0,000
580587,929	0,000
580595,929	0,000
580603,929	0,000
580611,929	0,000
580619,930	0,000
580627,930	0,000
580635,930	0,000
580643,930	0,000
580651,930	0,000
580659,930	0,000
580667,931	0,000
580675,931	0,000
580683,931	0,000
580691,931	0,000
580699,931	0,000
580707,931	0,000
580715,932	0,000
580723,932	0,000
580731,932	0,000
580739,932	0,000
580747,932	0,000
580755,932	0,000
580763,933	0,000
580771,933	0,000
580779,933	0,000
580787,933	0,000
580795,933	0,000
580803,933	0,000
580811,934	0,000
580819,934	0,000
580827,934	0,000
580835,934	0,000
580843,934	0,000
580851,934	0,000
580859,935	0,000
580867,935	0,000
580875,935	0,000
580883,935	0,000
580891,935	0,000
580899,935	0,000
580907,936	0,000
580915,936	0,000
580923,936	0,000
580931,936	0,000
580939,936	0,000
580947,936	0,000
580955,937	0,000
580963,937	0,000
580971,937	0,000
580979,937	0,000
580987,937	0,000
580995,937	0,000
581003,938	0,000
581011,938	0,000
581019,938	0,000
581027,938	0,000
581035,938	0,000
581043,938	0,000
581051,939	0,000
581059,939	0,000
581067,939	0,000
581075,939	0,000
581083,939	0,000
581091,939	0,000
581099,940	0,000
581107,940	0,000
581115,940	0,000
581123,940	0,000
581131,940	0,000
581139,940	0,000
581147,941	0,000
581155,941	0,000
581163,941	0,000
581171,941	0,000
581179,941	0,000
581187,941	0,000
581195,942	0,000
581203,942	0,000
581211,942	0,000
581219,942	0,000
581227,942	0,000
581235,942	0,000
581243,943	0,000
581251,943	0,000
581259,943	0,000
581267,943	0,000
581275,943	0,000
581283,943	0,000
581291,944	0,000
581299,944	0,000
581307,944	0,000
581315,944	0,000
581323,944	0,000
581331,944	0,000
581339,945	0,000
581347,945	0,000
581355,945	0,000
581363,945	0,000
581371,945	0,000
581379,945	0,000
581387,946	0,000
581395,946	0,000
581403,946	0,000
581411,946	0,000
581419,946	0,000
581427,946	0,000
581435,947	0,000
581443,947	0,000
581451,947	0,000
581459,947	0,000
581467,947	0,000
581475,947	0,000
581483,948	0,000
581491,948	0,000
581499,948	0,000
581507,948	0,000
581515,948	0,000
581523,948	0,000
581531,949	0,000
581539,949	0,000
581547,949	0,000
581555,949	0,000
581563,949	0,000
581571,949	0,000
581579,950	0,000
581587,950	0,000
581595,950	0,000
581603,950	0,000
581611,950	0,000
581619,950	0,000
581627,951	0,000
581635,951	0,000
581643,951	0,000
581651,951	0,000
581659,951	0,000
581667,951	0,000
581675,952	0,000
581683,952	0,000
581691,952	0,000
581699,952	0,000
581707,952	0,000
581715,952	0,000
581723,953	0,000
581731,953	0,000
581739,953	0,000
581747,953	0,000
581755,953	0,000
581763,953	0,000
581771,954	0,000
581779,954	0,000
581787,954	0,000
581795,954	0,000
581803,954	0,000
581811,954	0,000
581819,955	0,000
581827,955	0,000
581835,955	0,000
581843,955	0,000
581851,955	0,000
581859,955	0,000
581867,956	0,000
581875,956	0,000
581883,956	0,000
581891,956	0,000
581899,956	0,000
581907,956	0,000
581915,957	0,000
581923,957	0,000
581931,957	0,000
581939,957	0,000
581947,957	0,000
581955,957	0,000
581963,958	0,000
581971,958	0,000
581979,958	0,000
581987,958	0,000
581995,958	0,000
582003,958	0,000
582011,959	0,000
582019,959	0,000
582027,959	0,000
582035,959	0,000
582043,959	0,000
582051,959	0,000
582059,960	0,000
582067,960	0,000
582075,960	0,000
582083,960	0,000
582091,960	0,000
582099,960	0,000
582107,961	0,000
582115,961	0,000
582123,961	0,000
582131,961	0,000
582139,961	0,000
582147,961	0,000
582155,962	0,000
582163,962	0,000
582171,962	0,000
582179,962	0,000
582187,962	0,000
582195,962	0,000
582203,963	0,000
582211,963	0,000
582219,963	0,000
582227,963	0,000
582235,963	0,000
582243,963	0,000
582251,964	0,000
582259,964	0,000
582267,964	0,000
582275,964	0,000
582283,964	0,000
582291,964	0,000
582299,965	0,000
582307,965	0,000
582315,965	0,000
582323,965	0,000
582331,965	0,000
582339,965	0,000
582347,966	0,000
582355,966	0,000
582363,966	0,000
582371,966	0,000
582379,966	0,000
582387,966	0,000
582395,967	0,000
582403,967	0,000
582411,967	0,000
582419,967	0,000
582427,967	0,000
582435,967	0,000
582443,968	0,000
582451,968	0,000
582459,968	0,000
582467,968	0,000
582475,968	0,000
582483,968	0,000
582491,969	0,000
582499,969	0,000
582507,969	0,000
582515,969	0,000
582523,969	0,000
582531,969	0,000
582539,970	0,000
582547,970	0,000
582555,970	0,000
582563,970	0,000
582571,970	0,000
582579,970	0,000
582587,971	0,000
582595,971	0,000
582603,971	0,000
582611,971	0,000
582619,971	0,000
582627,971	0,000
582635,972	0,000
582643,972	0,000
582651,972	0,000
582659,972	0,000
582667,972	0,000
582675,972	0,000
582683,973	0,000
582691,973	0,000
582699,973	0,000
582707,973	0,000
582715,973	0,000
582723,973	0,000
582731,974	0,000
582739,974	0,000
582747,974	0,000
582755,974	0,000
582763,974	0,000
582771,974	0,000
582779,975	0,000
582787,975	0,000
582795,975	0,000
582803,975	0,000
582811,975	0,000
582819,975	0,000
582827,976	0,000
582835,976	0,000
582843,976	0,000
582851,976	0,000
582859,976	0,000
582867,976	0,000
582875,977	0,000
582883,977	0,000
582891,977	0,000
582899,977	0,000
582907,977	0,000
582915,977	0,000
582923,978	0,000
582931,978	0,000
582939,978	0,000
582947,978	0,000
582955,978	0,000
582963,978	0,000
582971,979	0,000
582979,979	0,000
582987,979	0,000
582995,979	0,000
583003,979	0,000
583011,979	0,000
583019,980	0,000
583027,980	0,000
583035,980	0,000
583043,980	0,000
583051,980	0,000
583059,980	0,000
583067,981	0,000
583075,981	0,000
583083,981	0,000
583091,981	0,000
583099,981	0,000
583107,981	0,000
583115,982	0,000
583123,982	0,000
583131,982	0,000
583139,982	0,000
583147,982	0,000
583155,982	0,000
583163,983	0,000
583171,983	0,000
583179,983	0,000
583187,983	0,000
583195,983	0,000
583203,983	0,000
583211,984	0,000
583219,984	0,000
583227,984	0,000
583235,984	0,000
583243,984	0,000
583251,984	0,000
583259,985	0,000
583267,985	0,000
583275,985	0,000
583283,985	0,000
583291,985	0,000
583299,985	0,000
583307,986	0,000
583315,986	0,000
583323,986	0,000
583331,986	0,000
583339,986	0,000
583347,986	0,000
583355,987	0,000
583363,987	0,000
583371,987	0,000
583379,987	0,000
583387,987	0,000
583395,987	0,000
583403,988	0,000
583411,988	0,000
583419,988	0,000
583427,988	0,000
583435,988	0,000
583443,988	0,000
583451,989	0,000
583459,989	0,000
583467,989	0,000
583475,989	0,000
583483,989	0,000
583491,989	0,000
583499,990	0,000
583507,990	0,000
583515,990	0,000
583523,990	0,000
583531,990	0,000
583539,990	0,000
583547,991	0,000
583555,991	0,000
583563,991	0,000
583571,991	0,000
583579,991	0,000
583587,991	0,000
583595,992	0,000
583603,992	0,000
583611,992	0,000
583619,992	0,000
583627,992	0,000
583635,992	0,000
583643,993	0,000
583651,993	0,000
583659,993	0,000
583667,993	0,000
583675,993	0,000
583683,993	0,000
583691,994	0,000
583699,994	0,000
583707,994	0,000
583715,994	0,000
583723,994	0,000
583731,994	0,000
583739,995	0,000
583747,995	0,000
583755,995	0,000
583763,995	0,000
583771,995	0,000
583779,995	0,000
583787,996	0,000
583795,996	0,000
583803,996	0,000
583811,996	0,000
583819,996	0,000
583827,996	0,000
583835,997	0,000
583843,997	0,000
583851,997	0,000
583859,997	0,000
583867,997	0,000
583875,997	0,000
583883,998	0,000
583891,998	0,000
583899,998	0,000
583907,998	0,000
583915,998	0,000
583923,998	0,000
583931,999	0,000
583939,999	0,000
583947,999	0,000
583955,999	0,000
583963,999	0,000
583971,999	0,000
583980,000	0,000
583988,000	0,000
583996,000	0,000
