330003,500	0,000
330011,500	0,000
330019,500	0,000
330027,501	0,000
330035,501	0,000
330043,501	0,000
330051,501	0,000
330059,501	0,000
330067,501	0,000
330075,502	0,000
330083,502	0,000
330091,502	0,000
330099,502	0,000
330107,502	0,000
330115,502	0,000
330123,503	0,000
330131,503	0,000
330139,503	0,000
330147,503	0,000
330155,503	0,000
330163,503	0,000
330171,504	0,000
330179,504	0,000
330187,504	0,000
330195,504	0,000
330203,504	0,000
330211,504	0,000
330219,505	0,000
330227,505	0,000
330235,505	0,000
330243,505	0,000
330251,505	0,000
330259,505	0,000
330267,506	0,000
330275,506	0,000
330283,506	0,000
330291,506	0,000
330299,506	0,000
330307,506	0,000
330315,507	0,000
330323,507	0,000
330331,507	0,000
330339,507	0,000
330347,507	0,000
330355,507	0,000
330363,508	0,000
330371,508	0,000
330379,508	0,000
330387,508	0,000
330395,508	0,000
330403,508	0,000
330411,509	0,000
330419,509	0,000
330427,509	0,000
330435,509	0,000
330443,509	0,000
330451,509	0,000
330459,510	0,000
330467,510	0,000
330475,510	0,000
330483,510	0,000
330491,510	0,000
330499,510	0,000
330507,511	0,000
330515,511	0,000
330523,511	0,000
330531,511	0,000
330539,511	0,000
330547,511	0,000
330555,512	0,000
330563,512	0,000
330571,512	0,000
330579,512	0,000
330587,512	0,000
330595,512	0,000
330603,513	0,000
330611,513	0,000
330619,513	0,000
330627,513	0,000
330635,513	0,000
330643,513	0,000
330651,514	0,000
330659,514	0,000
330667,514	0,000
330675,514	0,000
330683,514	0,000
330691,514	0,000
330699,515	0,000
330707,515	0,000
330715,515	0,000
330723,515	0,000
330731,515	0,000
330739,515	0,000
330747,516	0,000
330755,516	0,000
330763,516	0,000
330771,516	0,000
330779,516	0,000
330787,516	0,000
330795,517	0,000
330803,517	0,000
330811,517	0,000
330819,517	0,000
330827,517	0,000
330835,517	0,000
330843,518	0,000
330851,518	0,000
330859,518	0,000
330867,518	0,000
330875,518	0,000
330883,518	0,000
330891,519	0,000
330899,519	0,000
330907,519	0,000
330915,519	0,000
330923,519	0,000
330931,519	0,000
330939,520	0,000
330947,520	0,000
330955,520	0,000
330963,520	0,000
330971,520	0,000
330979,520	0,000
330987,521	0,000
330995,521	0,000
331003,521	0,000
331011,521	0,000
331019,521	0,000
331027,521	0,000
331035,522	0,000
331043,522	0,000
331051,522	0,000
331059,522	0,000
331067,522	0,000
331075,522	0,000
331083,523	0,000
331091,523	0,000
331099,523	0,000
331107,523	0,000
331115,523	0,000
331123,523	0,000
331131,524	0,000
331139,524	0,000
331147,524	0,000
331155,524	0,000
331163,524	1,000
331171,524	0,000
331179,525	0,000
331187,525	0,000
331195,525	0,000
331203,525	0,000
331211,525	0,000
331219,525	0,000
331227,526	0,000
331235,526	0,000
331243,526	0,000
331251,526	0,000
331259,526	0,000
331267,526	0,000
331275,527	0,000
331283,527	0,000
331291,527	0,000
331299,527	0,000
331307,527	0,000
331315,527	0,000
331323,528	0,000
331331,528	0,000
331339,528	0,000
331347,528	0,000
331355,528	0,000
331363,528	0,000
331371,529	0,000
331379,529	0,000
331387,529	0,000
331395,529	0,000
331403,529	0,000
331411,529	0,000
331419,530	0,000
331427,530	0,000
331435,530	0,000
331443,530	0,000
331451,530	0,000
331459,530	0,000
331467,531	0,000
331475,531	0,000
331483,531	0,000
331491,531	0,000
331499,531	0,000
331507,531	0,000
331515,532	0,000
331523,532	0,000
331531,532	0,000
331539,532	0,000
331547,532	0,000
331555,532	0,000
331563,533	0,000
331571,533	0,000
331579,533	0,000
331587,533	0,000
331595,533	0,000
331603,533	0,000
331611,534	0,000
331619,534	0,000
331627,534	0,000
331635,534	0,000
331643,534	0,000
331651,534	0,000
331659,535	0,000
331667,535	0,000
331675,535	0,000
331683,535	0,000
331691,535	0,000
331699,535	0,000
331707,536	0,000
331715,536	0,000
331723,536	0,000
331731,536	0,000
331739,536	0,000
331747,536	0,000
331755,537	0,000
331763,537	0,000
331771,537	0,000
331779,537	0,000
331787,537	0,000
331795,537	0,000
331803,538	0,000
331811,538	0,000
331819,538	0,000
331827,538	0,000
331835,538	0,000
331843,538	0,000
331851,539	0,000
331859,539	0,000
331867,539	0,000
331875,539	0,000
331883,539	0,000
331891,539	0,000
331899,540	0,000
331907,540	0,000
331915,540	0,000
331923,540	0,000
331931,540	0,000
331939,540	0,000
331947,541	0,000
331955,541	0,000
331963,541	0,000
331971,541	0,000
331979,541	0,000
331987,541	0,000
331995,542	0,000
332003,542	0,000
332011,542	0,000
332019,542	0,000
332027,542	0,000
332035,542	0,000
332043,543	0,000
332051,543	0,000
332059,543	0,000
332067,543	0,000
332075,543	0,000
332083,543	0,000
332091,544	0,000
332099,544	0,000
332107,544	0,000
332115,544	0,000
332123,544	0,000
332131,544	0,000
332139,545	0,000
332147,545	0,000
332155,545	0,000
332163,545	0,000
332171,545	0,000
332179,545	0,000
332187,546	0,000
332195,546	0,000
332203,546	0,000
332211,546	0,000
332219,546	0,000
332227,546	0,000
332235,547	0,000
332243,547	0,000
332251,547	0,000
332259,547	0,000
332267,547	0,000
332275,547	0,000
332283,548	0,000
332291,548	0,000
332299,548	0,000
332307,548	0,000
332315,548	0,000
332323,548	0,000
332331,549	0,000
332339,549	0,000
332347,549	0,000
332355,549	0,000
332363,549	0,000
332371,549	0,000
332379,550	0,000
332387,550	0,000
332395,550	0,000
332403,550	0,000
332411,550	0,000
332419,550	0,000
332427,551	0,000
332435,551	0,000
332443,551	0,000
332451,551	0,000
332459,551	0,000
332467,551	0,000
332475,552	0,000
332483,552	0,000
332491,552	0,000
332499,552	0,000
332507,552	0,000
332515,552	0,000
332523,553	0,000
332531,553	0,000
332539,553	0,000
332547,553	0,000
332555,553	0,000
332563,553	0,000
332571,554	0,000
332579,554	0,000
332587,554	0,000
332595,554	0,000
332603,554	0,000
332611,554	0,000
332619,555	0,000
332627,555	0,000
332635,555	0,000
332643,555	0,000
332651,555	0,000
332659,555	0,000
332667,556	0,000
332675,556	0,000
332683,556	0,000
332691,556	0,000
332699,556	0,000
332707,556	0,000
332715,557	0,000
332723,557	0,000
332731,557	0,000
332739,557	0,000
332747,557	0,000
332755,557	0,000
332763,558	0,000
332771,558	0,000
332779,558	0,000
332787,558	0,000
332795,558	0,000
332803,558	0,000
332811,559	0,000
332819,559	0,000
332827,559	0,000
332835,559	0,000
332843,559	0,000
332851,559	0,000
332859,560	0,000
332867,560	0,000
332875,560	0,000
332883,560	0,000
332891,560	0,000
332899,560	0,000
332907,561	0,000
332915,561	0,000
332923,561	0,000
332931,561	0,000
332939,561	0,000
332947,561	0,000
332955,562	0,000
332963,562	0,000
332971,562	0,000
332979,562	0,000
332987,562	0,000
332995,562	0,000
333003,563	0,000
333011,563	0,000
333019,563	0,000
333027,563	0,000
333035,563	0,000
333043,563	0,000
333051,564	0,000
333059,564	0,000
333067,564	0,000
333075,564	0,000
333083,564	0,000
333091,564	0,000
333099,565	0,000
333107,565	0,000
333115,565	0,000
333123,565	0,000
333131,565	0,000
333139,565	0,000
333147,566	0,000
333155,566	0,000
333163,566	0,000
333171,566	0,000
333179,566	0,000
333187,566	0,000
333195,567	0,000
333203,567	0,000
333211,567	0,000
333219,567	0,000
333227,567	0,000
333235,567	0,000
333243,568	0,000
333251,568	0,000
333259,568	0,000
333267,568	0,000
333275,568	0,000
333283,568	0,000
333291,569	0,000
333299,569	0,000
333307,569	0,000
333315,569	0,000
333323,569	0,000
333331,569	0,000
333339,570	0,000
333347,570	0,000
333355,570	0,000
333363,570	0,000
333371,570	0,000
333379,570	0,000
333387,571	0,000
333395,571	0,000
333403,571	0,000
333411,571	0,000
333419,571	0,000
333427,571	0,000
333435,572	0,000
333443,572	0,000
333451,572	0,000
333459,572	0,000
333467,572	0,000
333475,572	0,000
333483,573	0,000
333491,573	0,000
333499,573	1,000
333507,573	0,000
333515,573	0,000
333523,573	0,000
333531,574	0,000
333539,574	0,000
333547,574	0,000
333555,574	0,000
333563,574	0,000
333571,574	0,000
333579,575	0,000
333587,575	0,000
333595,575	0,000
333603,575	0,000
333611,575	0,000
333619,575	0,000
333627,576	0,000
333635,576	0,000
333643,576	0,000
333651,576	0,000
333659,576	0,000
333667,576	0,000
333675,577	1,000
333683,577	0,000
333691,577	0,000
333699,577	0,000
333707,577	0,000
333715,577	0,000
333723,578	0,000
333731,578	0,000
333739,578	0,000
333747,578	0,000
333755,578	0,000
333763,578	0,000
333771,579	0,000
333779,579	0,000
333787,579	0,000
333795,579	0,000
333803,579	0,000
333811,579	0,000
333819,580	0,000
333827,580	0,000
333835,580	0,000
333843,580	0,000
333851,580	0,000
333859,580	0,000
333867,581	0,000
333875,581	0,000
333883,581	0,000
333891,581	0,000
333899,581	0,000
333907,581	0,000
333915,582	0,000
333923,582	0,000
333931,582	0,000
333939,582	0,000
333947,582	0,000
333955,582	0,000
333963,583	0,000
333971,583	0,000
333979,583	0,000
333987,583	0,000
333995,583	0,000
334003,583	0,000
334011,584	0,000
334019,584	0,000
334027,584	0,000
334035,584	0,000
334043,584	0,000
334051,584	0,000
334059,585	0,000
334067,585	0,000
334075,585	0,000
334083,585	0,000
334091,585	0,000
334099,585	0,000
334107,586	0,000
334115,586	0,000
334123,586	0,000
334131,586	0,000
334139,586	0,000
334147,586	0,000
334155,587	1,000
334163,587	0,000
334171,587	0,000
334179,587	0,000
334187,587	0,000
334195,587	0,000
334203,588	0,000
334211,588	0,000
334219,588	0,000
334227,588	0,000
334235,588	0,000
334243,588	0,000
334251,589	0,000
334259,589	0,000
334267,589	1,000
334275,589	0,000
334283,589	0,000
334291,589	0,000
334299,590	0,000
334307,590	0,000
334315,590	0,000
334323,590	0,000
334331,590	0,000
334339,590	0,000
334347,591	0,000
334355,591	0,000
334363,591	0,000
334371,591	0,000
334379,591	1,000
334387,591	0,000
334395,592	0,000
334403,592	1,000
334411,592	0,000
334419,592	0,000
334427,592	0,000
334435,592	0,000
334443,593	0,000
334451,593	0,000
334459,593	0,000
334467,593	0,000
334475,593	0,000
334483,593	0,000
334491,594	0,000
334499,594	0,000
334507,594	0,000
334515,594	0,000
334523,594	0,000
334531,594	0,000
334539,595	0,000
334547,595	0,000
334555,595	0,000
334563,595	0,000
334571,595	0,000
334579,595	0,000
334587,596	0,000
334595,596	0,000
334603,596	0,000
334611,596	0,000
334619,596	0,000
334627,596	0,000
334635,597	0,000
334643,597	1,000
334651,597	0,000
334659,597	0,000
334667,597	0,000
334675,597	0,000
334683,598	0,000
334691,598	0,000
334699,598	0,000
334707,598	0,000
334715,598	0,000
334723,598	0,000
334731,599	0,000
334739,599	0,000
334747,599	0,000
334755,599	0,000
334763,599	0,000
334771,599	0,000
334779,600	0,000
334787,600	0,000
334795,600	0,000
334803,600	0,000
334811,600	0,000
334819,600	0,000
334827,601	0,000
334835,601	0,000
334843,601	0,000
334851,601	0,000
334859,601	0,000
334867,601	0,000
334875,602	0,000
334883,602	0,000
334891,602	0,000
334899,602	0,000
334907,602	0,000
334915,602	0,000
334923,603	0,000
334931,603	0,000
334939,603	0,000
334947,603	0,000
334955,603	0,000
334963,603	0,000
334971,604	0,000
334979,604	0,000
334987,604	0,000
334995,604	0,000
335003,604	0,000
335011,604	0,000
335019,605	0,000
335027,605	0,000
335035,605	0,000
335043,605	0,000
335051,605	0,000
335059,605	0,000
335067,606	0,000
335075,606	0,000
335083,606	0,000
335091,606	0,000
335099,606	0,000
335107,606	0,000
335115,607	0,000
335123,607	0,000
335131,607	0,000
335139,607	0,000
335147,607	0,000
335155,607	0,000
335163,608	0,000
335171,608	0,000
335179,608	0,000
335187,608	0,000
335195,608	0,000
335203,608	0,000
335211,609	0,000
335219,609	0,000
335227,609	0,000
335235,609	0,000
335243,609	0,000
335251,609	0,000
335259,610	0,000
335267,610	0,000
335275,610	0,000
335283,610	1,000
335291,610	0,000
335299,610	0,000
335307,611	0,000
335315,611	0,000
335323,611	0,000
335331,611	0,000
335339,611	0,000
335347,611	0,000
335355,612	0,000
335363,612	0,000
335371,612	0,000
335379,612	0,000
335387,612	0,000
335395,612	0,000
335403,613	0,000
335411,613	0,000
335419,613	0,000
335427,613	0,000
335435,613	1,000
335443,613	0,000
335451,614	1,000
335459,614	0,000
335467,614	0,000
335475,614	0,000
335483,614	1,000
335491,614	0,000
335499,615	1,000
335507,615	0,000
335515,615	0,000
335523,615	0,000
335531,615	0,000
335539,615	1,000
335547,616	0,000
335555,616	1,000
335563,616	0,000
335571,616	0,000
335579,616	0,000
335587,616	0,000
335595,617	0,000
335603,617	0,000
335611,617	0,000
335619,617	0,000
335627,617	0,000
335635,617	0,000
335643,618	0,000
335651,618	0,000
335659,618	0,000
335667,618	0,000
335675,618	0,000
335683,618	0,000
335691,619	0,000
335699,619	0,000
335707,619	0,000
335715,619	1,000
335723,619	0,000
335731,619	0,000
335739,620	0,000
335747,620	0,000
335755,620	0,000
335763,620	0,000
335771,620	0,000
335779,620	0,000
335787,621	0,000
335795,621	0,000
335803,621	0,000
335811,621	0,000
335819,621	0,000
335827,621	0,000
335835,622	0,000
335843,622	0,000
335851,622	1,000
335859,622	1,000
335867,622	0,000
335875,622	0,000
335883,623	0,000
335891,623	0,000
335899,623	0,000
335907,623	1,000
335915,623	0,000
335923,623	0,000
335931,624	0,000
335939,624	0,000
335947,624	0,000
335955,624	0,000
335963,624	0,000
335971,624	1,000
335979,625	1,000
335987,625	0,000
335995,625	0,000
336003,625	1,000
336011,625	0,000
336019,625	0,000
336027,626	0,000
336035,626	0,000
336043,626	0,000
336051,626	0,000
336059,626	0,000
336067,626	0,000
336075,627	1,000
336083,627	0,000
336091,627	0,000
336099,627	0,000
336107,627	0,000
336115,627	0,000
336123,628	0,000
336131,628	1,000
336139,628	0,000
336147,628	0,000
336155,628	0,000
336163,628	0,000
336171,629	0,000
336179,629	0,000
336187,629	0,000
336195,629	1,000
336203,629	1,000
336211,629	0,000
336219,630	1,000
336227,630	0,000
336235,630	0,000
336243,630	0,000
336251,630	0,000
336259,630	2,000
336267,631	1,000
336275,631	3,000
336283,631	3,000
336291,631	2,000
336299,631	1,000
336307,631	2,000
336315,632	4,000
336323,632	8,000
336331,632	7,000
336339,632	4,000
336347,632	15,000
336355,632	9,000
336363,633	9,000
336371,633	14,000
336379,633	23,000
336387,633	27,000
336395,633	25,000
336403,633	27,000
336411,634	47,000
336419,634	26,000
336427,634	35,000
336435,634	42,000
336443,634	42,000
336451,634	47,000
336459,635	51,000
336467,635	58,000
336475,635	64,000
336483,635	77,000
336491,635	78,000
336499,635	80,000
336507,636	81,000
336515,636	59,000
336523,636	73,000
336531,636	76,000
336539,636	95,000
336547,636	95,000
336555,637	81,000
336563,637	83,000
336571,637	81,000
336579,637	65,000
336587,637	85,000
336595,637	105,000
336603,638	72,000
336611,638	89,000
336619,638	82,000
336627,638	64,000
336635,638	86,000
336643,638	85,000
336651,639	73,000
336659,639	55,000
336667,639	51,000
336675,639	56,000
336683,639	51,000
336691,639	50,000
336699,640	48,000
336707,640	43,000
336715,640	46,000
336723,640	45,000
336731,640	42,000
336739,640	37,000
336747,641	30,000
336755,641	31,000
336763,641	27,000
336771,641	28,000
336779,641	26,000
336787,641	22,000
336795,642	21,000
336803,642	28,000
336811,642	19,000
336819,642	18,000
336827,642	28,000
336835,642	22,000
336843,643	32,000
336851,643	18,000
336859,643	19,000
336867,643	15,000
336875,643	22,000
336883,643	10,000
336891,644	14,000
336899,644	13,000
336907,644	15,000
336915,644	11,000
336923,644	11,000
336931,644	17,000
336939,645	10,000
336947,645	16,000
336955,645	18,000
336963,645	13,000
336971,645	9,000
336979,645	17,000
336987,646	14,000
336995,646	8,000
337003,646	12,000
337011,646	11,000
337019,646	15,000
337027,646	21,000
337035,647	13,000
337043,647	27,000
337051,647	15,000
337059,647	16,000
337067,647	15,000
337075,647	20,000
337083,648	19,000
337091,648	24,000
337099,648	21,000
337107,648	18,000
337115,648	16,000
337123,648	24,000
337131,649	38,000
337139,649	20,000
337147,649	31,000
337155,649	22,000
337163,649	21,000
337171,649	24,000
337179,650	23,000
337187,650	18,000
337195,650	33,000
337203,650	22,000
337211,650	21,000
337219,650	19,000
337227,651	20,000
337235,651	28,000
337243,651	23,000
337251,651	24,000
337259,651	28,000
337267,651	33,000
337275,652	34,000
337283,652	34,000
337291,652	33,000
337299,652	33,000
337307,652	30,000
337315,652	36,000
337323,653	29,000
337331,653	25,000
337339,653	29,000
337347,653	31,000
337355,653	36,000
337363,653	36,000
337371,654	48,000
337379,654	34,000
337387,654	37,000
337395,654	41,000
337403,654	39,000
337411,654	33,000
337419,655	42,000
337427,655	35,000
337435,655	33,000
337443,655	34,000
337451,655	49,000
337459,655	33,000
337467,656	51,000
337475,656	49,000
337483,656	42,000
337491,656	34,000
337499,656	42,000
337507,656	43,000
337515,657	54,000
337523,657	49,000
337531,657	45,000
337539,657	44,000
337547,657	47,000
337555,657	63,000
337563,658	53,000
337571,658	61,000
337579,658	58,000
337587,658	43,000
337595,658	52,000
337603,658	40,000
337611,659	64,000
337619,659	50,000
337627,659	53,000
337635,659	57,000
337643,659	58,000
337651,659	70,000
337659,660	50,000
337667,660	60,000
337675,660	62,000
337683,660	70,000
337691,660	56,000
337699,660	73,000
337707,661	58,000
337715,661	73,000
337723,661	57,000
337731,661	55,000
337739,661	57,000
337747,661	76,000
337755,662	67,000
337763,662	66,000
337771,662	74,000
337779,662	80,000
337787,662	86,000
337795,662	73,000
337803,663	89,000
337811,663	79,000
337819,663	85,000
337827,663	89,000
337835,663	86,000
337843,663	72,000
337851,664	74,000
337859,664	99,000
337867,664	88,000
337875,664	75,000
337883,664	71,000
337891,664	75,000
337899,665	75,000
337907,665	87,000
337915,665	75,000
337923,665	89,000
337931,665	90,000
337939,665	92,000
337947,666	87,000
337955,666	68,000
337963,666	90,000
337971,666	62,000
337979,666	79,000
337987,666	93,000
337995,667	82,000
338003,667	82,000
338011,667	76,000
338019,667	69,000
338027,667	81,000
338035,667	82,000
338043,668	65,000
338051,668	77,000
338059,668	75,000
338067,668	91,000
338075,668	74,000
338083,668	88,000
338091,669	82,000
338099,669	86,000
338107,669	83,000
338115,669	75,000
338123,669	87,000
338131,669	62,000
338139,670	72,000
338147,670	87,000
338155,670	83,000
338163,670	54,000
338171,670	75,000
338179,670	74,000
338187,671	74,000
338195,671	71,000
338203,671	61,000
338211,671	82,000
338219,671	73,000
338227,671	87,000
338235,672	82,000
338243,672	93,000
338251,672	76,000
338259,672	77,000
338267,672	117,000
338275,672	104,000
338283,673	118,000
338291,673	120,000
338299,673	112,000
338307,673	142,000
338315,673	134,000
338323,673	177,000
338331,674	160,000
338339,674	177,000
338347,674	181,000
338355,674	196,000
338363,674	191,000
338371,674	196,000
338379,675	202,000
338387,675	187,000
338395,675	192,000
338403,675	152,000
338411,675	170,000
338419,675	153,000
338427,676	139,000
338435,676	117,000
338443,676	112,000
338451,676	98,000
338459,676	92,000
338467,676	74,000
338475,677	53,000
338483,677	54,000
338491,677	40,000
338499,677	44,000
338507,677	41,000
338515,677	17,000
338523,678	17,000
338531,678	19,000
338539,678	12,000
338547,678	9,000
338555,678	9,000
338563,678	8,000
338571,679	7,000
338579,679	6,000
338587,679	1,000
338595,679	2,000
338603,679	0,000
338611,679	1,000
338619,680	2,000
338627,680	1,000
338635,680	0,000
338643,680	0,000
338651,680	0,000
338659,680	0,000
338667,681	0,000
338675,681	0,000
338683,681	0,000
338691,681	0,000
338699,681	0,000
338707,681	0,000
338715,682	0,000
338723,682	0,000
338731,682	0,000
338739,682	0,000
338747,682	0,000
338755,682	0,000
338763,683	0,000
338771,683	0,000
338779,683	0,000
338787,683	0,000
338795,683	0,000
338803,683	0,000
338811,684	0,000
338819,684	0,000
338827,684	0,000
338835,684	0,000
338843,684	0,000
338851,684	0,000
338859,685	1,000
338867,685	0,000
338875,685	0,000
338883,685	0,000
338891,685	1,000
338899,685	0,000
338907,686	0,000
338915,686	0,000
338923,686	0,000
338931,686	0,000
338939,686	0,000
338947,686	0,000
338955,687	0,000
338963,687	0,000
338971,687	0,000
338979,687	0,000
338987,687	0,000
338995,687	0,000
339003,688	0,000
339011,688	0,000
339019,688	0,000
339027,688	0,000
339035,688	0,000
339043,688	0,000
339051,689	0,000
339059,689	0,000
339067,689	0,000
339075,689	0,000
339083,689	0,000
339091,689	0,000
339099,690	0,000
339107,690	0,000
339115,690	0,000
339123,690	0,000
339131,690	0,000
339139,690	0,000
339147,691	0,000
339155,691	0,000
339163,691	0,000
339171,691	0,000
339179,691	0,000
339187,691	0,000
339195,692	0,000
339203,692	1,000
339211,692	0,000
339219,692	0,000
339227,692	0,000
339235,692	0,000
339243,693	0,000
339251,693	0,000
339259,693	0,000
339267,693	0,000
339275,693	0,000
339283,693	0,000
339291,694	0,000
339299,694	0,000
339307,694	0,000
339315,694	0,000
339323,694	0,000
339331,694	0,000
339339,695	0,000
339347,695	0,000
339355,695	0,000
339363,695	0,000
339371,695	0,000
339379,695	0,000
339387,696	0,000
339395,696	0,000
339403,696	0,000
339411,696	0,000
339419,696	0,000
339427,696	0,000
339435,697	0,000
339443,697	0,000
339451,697	0,000
339459,697	0,000
339467,697	0,000
339475,697	0,000
339483,698	0,000
339491,698	0,000
339499,698	0,000
339507,698	0,000
339515,698	0,000
339523,698	0,000
339531,699	0,000
339539,699	0,000
339547,699	0,000
339555,699	0,000
339563,699	0,000
339571,699	0,000
339579,700	0,000
339587,700	0,000
339595,700	0,000
339603,700	0,000
339611,700	0,000
339619,700	0,000
339627,701	0,000
339635,701	0,000
339643,701	0,000
339651,701	0,000
339659,701	0,000
339667,701	0,000
339675,702	0,000
339683,702	0,000
339691,702	0,000
339699,702	0,000
339707,702	0,000
339715,702	0,000
339723,703	0,000
339731,703	0,000
339739,703	0,000
339747,703	0,000
339755,703	0,000
339763,703	0,000
339771,704	0,000
339779,704	0,000
339787,704	0,000
339795,704	0,000
339803,704	0,000
339811,704	0,000
339819,705	0,000
339827,705	0,000
339835,705	0,000
339843,705	0,000
339851,705	0,000
339859,705	0,000
339867,706	0,000
339875,706	0,000
339883,706	0,000
339891,706	0,000
339899,706	0,000
339907,706	0,000
339915,707	0,000
339923,707	0,000
339931,707	0,000
339939,707	0,000
339947,707	0,000
339955,707	0,000
339963,708	0,000
339971,708	0,000
339979,708	0,000
339987,708	0,000
339995,708	0,000
340003,708	0,000
340011,709	0,000
340019,709	0,000
340027,709	0,000
340035,709	0,000
340043,709	0,000
340051,709	0,000
340059,710	0,000
340067,710	0,000
340075,710	0,000
340083,710	0,000
340091,710	0,000
340099,710	0,000
340107,711	0,000
340115,711	0,000
340123,711	0,000
340131,711	0,000
340139,711	0,000
340147,711	0,000
340155,712	0,000
340163,712	0,000
340171,712	0,000
340179,712	0,000
340187,712	0,000
340195,712	0,000
340203,713	0,000
340211,713	0,000
340219,713	0,000
340227,713	0,000
340235,713	0,000
340243,713	0,000
340251,714	0,000
340259,714	0,000
340267,714	0,000
340275,714	0,000
340283,714	0,000
340291,714	0,000
340299,715	0,000
340307,715	0,000
340315,715	0,000
340323,715	0,000
340331,715	0,000
340339,715	0,000
340347,716	0,000
340355,716	0,000
340363,716	0,000
340371,716	0,000
340379,716	0,000
340387,716	0,000
340395,717	0,000
340403,717	0,000
340411,717	0,000
340419,717	0,000
340427,717	0,000
340435,717	0,000
340443,718	0,000
340451,718	0,000
340459,718	0,000
340467,718	0,000
340475,718	0,000
340483,718	0,000
340491,719	0,000
340499,719	0,000
340507,719	0,000
340515,719	0,000
340523,719	0,000
340531,719	0,000
340539,720	0,000
340547,720	0,000
340555,720	0,000
340563,720	0,000
340571,720	0,000
340579,720	0,000
340587,721	0,000
340595,721	0,000
340603,721	0,000
340611,721	0,000
340619,721	0,000
340627,721	0,000
340635,722	0,000
340643,722	0,000
340651,722	0,000
340659,722	0,000
340667,722	0,000
340675,722	0,000
340683,723	0,000
340691,723	0,000
340699,723	0,000
340707,723	0,000
340715,723	0,000
340723,723	0,000
340731,724	0,000
340739,724	0,000
340747,724	0,000
340755,724	0,000
340763,724	0,000
340771,724	0,000
340779,725	0,000
340787,725	0,000
340795,725	0,000
340803,725	0,000
340811,725	0,000
340819,725	0,000
340827,726	0,000
340835,726	0,000
340843,726	0,000
340851,726	0,000
340859,726	0,000
340867,726	0,000
340875,727	0,000
340883,727	0,000
340891,727	0,000
340899,727	0,000
340907,727	0,000
340915,727	0,000
340923,728	0,000
340931,728	0,000
340939,728	0,000
340947,728	0,000
340955,728	0,000
340963,728	0,000
340971,729	0,000
340979,729	0,000
340987,729	0,000
340995,729	0,000
341003,729	0,000
341011,729	0,000
341019,730	0,000
341027,730	0,000
341035,730	0,000
341043,730	0,000
341051,730	0,000
341059,730	0,000
341067,731	0,000
341075,731	0,000
341083,731	0,000
341091,731	0,000
341099,731	0,000
341107,731	0,000
341115,732	0,000
341123,732	0,000
341131,732	0,000
341139,732	0,000
341147,732	0,000
341155,732	0,000
341163,733	0,000
341171,733	0,000
341179,733	0,000
341187,733	0,000
341195,733	0,000
341203,733	0,000
341211,734	0,000
341219,734	0,000
341227,734	0,000
341235,734	0,000
341243,734	0,000
341251,734	0,000
341259,735	0,000
341267,735	0,000
341275,735	0,000
341283,735	0,000
341291,735	0,000
341299,735	0,000
341307,736	0,000
341315,736	0,000
341323,736	0,000
341331,736	0,000
341339,736	0,000
341347,736	0,000
341355,737	0,000
341363,737	0,000
341371,737	0,000
341379,737	0,000
341387,737	0,000
341395,737	0,000
341403,738	0,000
341411,738	0,000
341419,738	0,000
341427,738	0,000
341435,738	0,000
341443,738	0,000
341451,739	0,000
341459,739	0,000
341467,739	0,000
341475,739	0,000
341483,739	0,000
341491,739	0,000
341499,740	0,000
341507,740	0,000
341515,740	0,000
341523,740	0,000
341531,740	0,000
341539,740	0,000
341547,741	0,000
341555,741	0,000
341563,741	0,000
341571,741	0,000
341579,741	0,000
341587,741	0,000
341595,742	0,000
341603,742	0,000
341611,742	0,000
341619,742	0,000
341627,742	0,000
341635,742	0,000
341643,743	0,000
341651,743	0,000
341659,743	0,000
341667,743	0,000
341675,743	0,000
341683,743	0,000
341691,744	0,000
341699,744	0,000
341707,744	0,000
341715,744	0,000
341723,744	0,000
341731,744	0,000
341739,745	0,000
341747,745	0,000
341755,745	0,000
341763,745	0,000
341771,745	0,000
341779,745	0,000
341787,746	0,000
341795,746	0,000
341803,746	0,000
341811,746	0,000
341819,746	0,000
341827,746	0,000
341835,747	0,000
341843,747	0,000
341851,747	0,000
341859,747	0,000
341867,747	0,000
341875,747	0,000
341883,748	0,000
341891,748	0,000
341899,748	0,000
341907,748	0,000
341915,748	0,000
341923,748	0,000
341931,749	0,000
341939,749	0,000
341947,749	0,000
341955,749	0,000
341963,749	0,000
341971,749	0,000
341979,750	0,000
341987,750	0,000
341995,750	0,000
342003,750	0,000
342011,750	0,000
342019,750	0,000
342027,751	0,000
342035,751	0,000
342043,751	0,000
342051,751	0,000
342059,751	0,000
342067,751	0,000
342075,752	0,000
342083,752	0,000
342091,752	0,000
342099,752	0,000
342107,752	0,000
342115,752	0,000
342123,753	0,000
342131,753	0,000
342139,753	0,000
342147,753	0,000
342155,753	0,000
342163,753	0,000
342171,754	0,000
342179,754	0,000
342187,754	0,000
342195,754	0,000
342203,754	0,000
342211,754	0,000
342219,755	0,000
342227,755	0,000
342235,755	0,000
342243,755	0,000
342251,755	0,000
342259,755	0,000
342267,756	0,000
342275,756	0,000
342283,756	0,000
342291,756	0,000
342299,756	0,000
342307,756	0,000
342315,757	0,000
342323,757	0,000
342331,757	0,000
342339,757	0,000
342347,757	0,000
342355,757	0,000
342363,758	0,000
342371,758	0,000
342379,758	0,000
342387,758	0,000
342395,758	0,000
342403,758	0,000
342411,759	0,000
342419,759	0,000
342427,759	0,000
342435,759	0,000
342443,759	0,000
342451,759	0,000
342459,760	0,000
342467,760	0,000
342475,760	0,000
342483,760	0,000
342491,760	0,000
342499,760	0,000
342507,761	0,000
342515,761	0,000
342523,761	0,000
342531,761	0,000
342539,761	0,000
342547,761	0,000
342555,762	0,000
342563,762	0,000
342571,762	0,000
342579,762	0,000
342587,762	0,000
342595,762	0,000
342603,763	0,000
342611,763	0,000
342619,763	0,000
342627,763	0,000
342635,763	0,000
342643,763	0,000
342651,764	0,000
342659,764	0,000
342667,764	0,000
342675,764	0,000
342683,764	0,000
342691,764	0,000
342699,765	0,000
342707,765	0,000
342715,765	0,000
342723,765	0,000
342731,765	0,000
342739,765	0,000
342747,766	0,000
342755,766	0,000
342763,766	0,000
342771,766	0,000
342779,766	0,000
342787,766	0,000
342795,767	0,000
342803,767	0,000
342811,767	0,000
342819,767	0,000
342827,767	0,000
342835,767	0,000
342843,768	0,000
342851,768	0,000
342859,768	0,000
342867,768	0,000
342875,768	0,000
342883,768	0,000
342891,769	0,000
342899,769	0,000
342907,769	0,000
342915,769	0,000
342923,769	0,000
342931,769	0,000
342939,770	0,000
342947,770	0,000
342955,770	0,000
342963,770	0,000
342971,770	0,000
342979,770	0,000
342987,771	0,000
342995,771	0,000
343003,771	0,000
343011,771	0,000
343019,771	0,000
343027,771	0,000
343035,772	0,000
343043,772	0,000
343051,772	0,000
343059,772	0,000
343067,772	0,000
343075,772	0,000
343083,773	0,000
343091,773	0,000
343099,773	0,000
343107,773	0,000
343115,773	0,000
343123,773	0,000
343131,774	0,000
343139,774	0,000
343147,774	0,000
343155,774	0,000
343163,774	0,000
343171,774	0,000
343179,775	0,000
343187,775	0,000
343195,775	0,000
343203,775	0,000
343211,775	0,000
343219,775	0,000
343227,776	0,000
343235,776	0,000
343243,776	0,000
343251,776	0,000
343259,776	0,000
343267,776	0,000
343275,777	0,000
343283,777	0,000
343291,777	0,000
343299,777	0,000
343307,777	0,000
343315,777	0,000
343323,778	0,000
343331,778	0,000
343339,778	0,000
343347,778	0,000
343355,778	0,000
343363,778	0,000
343371,779	0,000
343379,779	0,000
343387,779	0,000
343395,779	0,000
343403,779	0,000
343411,779	0,000
343419,780	0,000
343427,780	0,000
343435,780	0,000
343443,780	0,000
343451,780	0,000
343459,780	0,000
343467,781	0,000
343475,781	0,000
343483,781	0,000
343491,781	0,000
343499,781	0,000
343507,781	0,000
343515,782	0,000
343523,782	0,000
343531,782	0,000
343539,782	0,000
343547,782	0,000
343555,782	0,000
343563,783	0,000
343571,783	0,000
343579,783	0,000
343587,783	0,000
343595,783	0,000
343603,783	0,000
343611,784	0,000
343619,784	0,000
343627,784	0,000
343635,784	0,000
343643,784	0,000
343651,784	0,000
343659,785	0,000
343667,785	0,000
343675,785	0,000
343683,785	0,000
343691,785	0,000
343699,785	0,000
343707,786	0,000
343715,786	0,000
343723,786	0,000
343731,786	0,000
343739,786	0,000
343747,786	0,000
343755,787	0,000
343763,787	0,000
343771,787	0,000
343779,787	0,000
343787,787	0,000
343795,787	0,000
343803,788	0,000
343811,788	0,000
343819,788	0,000
343827,788	0,000
343835,788	0,000
343843,788	0,000
343851,789	0,000
343859,789	0,000
343867,789	0,000
343875,789	0,000
343883,789	0,000
343891,789	0,000
343899,790	0,000
343907,790	0,000
343915,790	0,000
343923,790	0,000
343931,790	0,000
343939,790	0,000
343947,791	0,000
343955,791	0,000
343963,791	0,000
343971,791	0,000
343979,791	0,000
343987,791	0,000
343995,792	0,000
344003,792	0,000
344011,792	0,000
344019,792	0,000
344027,792	0,000
344035,792	0,000
344043,793	0,000
344051,793	0,000
344059,793	0,000
344067,793	0,000
344075,793	0,000
344083,793	0,000
344091,794	0,000
344099,794	0,000
344107,794	0,000
344115,794	0,000
344123,794	0,000
344131,794	0,000
344139,795	0,000
344147,795	0,000
344155,795	0,000
344163,795	0,000
344171,795	0,000
344179,795	0,000
344187,796	0,000
344195,796	0,000
344203,796	0,000
344211,796	0,000
344219,796	0,000
344227,796	0,000
344235,797	0,000
344243,797	0,000
344251,797	0,000
344259,797	0,000
344267,797	0,000
344275,797	0,000
344283,798	0,000
344291,798	0,000
344299,798	0,000
344307,798	0,000
344315,798	0,000
344323,798	0,000
344331,799	0,000
344339,799	0,000
344347,799	0,000
344355,799	0,000
344363,799	0,000
344371,799	0,000
344379,800	0,000
344387,800	0,000
344395,800	0,000
344403,800	0,000
344411,800	0,000
344419,800	0,000
344427,801	0,000
344435,801	0,000
344443,801	0,000
344451,801	0,000
344459,801	0,000
344467,801	0,000
344475,802	0,000
344483,802	0,000
344491,802	0,000
344499,802	0,000
344507,802	0,000
344515,802	0,000
344523,803	0,000
344531,803	0,000
344539,803	0,000
344547,803	0,000
344555,803	0,000
344563,803	0,000
344571,804	0,000
344579,804	0,000
344587,804	0,000
344595,804	0,000
344603,804	0,000
344611,804	0,000
344619,805	0,000
344627,805	0,000
344635,805	0,000
344643,805	0,000
344651,805	0,000
344659,805	0,000
344667,806	0,000
344675,806	0,000
344683,806	0,000
344691,806	0,000
344699,806	0,000
344707,806	0,000
344715,807	0,000
344723,807	0,000
344731,807	0,000
344739,807	0,000
344747,807	0,000
344755,807	0,000
344763,808	0,000
344771,808	0,000
344779,808	0,000
344787,808	0,000
344795,808	0,000
344803,808	0,000
344811,809	0,000
344819,809	0,000
344827,809	0,000
344835,809	0,000
344843,809	0,000
344851,809	0,000
344859,810	0,000
344867,810	0,000
344875,810	0,000
344883,810	0,000
344891,810	0,000
344899,810	0,000
344907,811	0,000
344915,811	0,000
344923,811	0,000
344931,811	0,000
344939,811	0,000
344947,811	0,000
344955,812	0,000
344963,812	0,000
344971,812	0,000
344979,812	0,000
344987,812	0,000
344995,812	0,000
345003,813	0,000
345011,813	0,000
345019,813	0,000
345027,813	0,000
345035,813	0,000
345043,813	0,000
345051,814	0,000
345059,814	0,000
345067,814	0,000
345075,814	0,000
345083,814	0,000
345091,814	0,000
345099,815	0,000
345107,815	0,000
345115,815	0,000
345123,815	0,000
345131,815	0,000
345139,815	0,000
345147,816	0,000
345155,816	0,000
345163,816	0,000
345171,816	0,000
345179,816	0,000
345187,816	0,000
345195,817	0,000
345203,817	0,000
345211,817	0,000
345219,817	0,000
345227,817	0,000
345235,817	0,000
345243,818	0,000
345251,818	0,000
345259,818	0,000
345267,818	0,000
345275,818	0,000
345283,818	0,000
345291,819	0,000
345299,819	0,000
345307,819	0,000
345315,819	0,000
345323,819	0,000
345331,819	0,000
345339,820	0,000
345347,820	0,000
345355,820	0,000
345363,820	0,000
345371,820	0,000
345379,820	0,000
345387,821	0,000
345395,821	0,000
345403,821	0,000
345411,821	0,000
345419,821	0,000
345427,821	0,000
345435,822	0,000
345443,822	0,000
345451,822	0,000
345459,822	0,000
345467,822	0,000
345475,822	0,000
345483,823	0,000
345491,823	0,000
345499,823	0,000
345507,823	0,000
345515,823	0,000
345523,823	0,000
345531,824	0,000
345539,824	0,000
345547,824	0,000
345555,824	0,000
345563,824	0,000
345571,824	0,000
345579,825	0,000
345587,825	0,000
345595,825	0,000
345603,825	0,000
345611,825	0,000
345619,825	0,000
345627,826	0,000
345635,826	0,000
345643,826	0,000
345651,826	0,000
345659,826	0,000
345667,826	0,000
345675,827	0,000
345683,827	0,000
345691,827	0,000
345699,827	0,000
345707,827	0,000
345715,827	0,000
345723,828	0,000
345731,828	0,000
345739,828	0,000
345747,828	0,000
345755,828	0,000
345763,828	0,000
345771,829	0,000
345779,829	0,000
345787,829	0,000
345795,829	0,000
345803,829	0,000
345811,829	0,000
345819,830	0,000
345827,830	0,000
345835,830	0,000
345843,830	0,000
345851,830	0,000
345859,830	0,000
345867,831	0,000
345875,831	0,000
345883,831	0,000
345891,831	0,000
345899,831	0,000
345907,831	0,000
345915,832	0,000
345923,832	0,000
345931,832	0,000
345939,832	0,000
345947,832	0,000
345955,832	0,000
345963,833	0,000
345971,833	0,000
345979,833	0,000
345987,833	0,000
345995,833	0,000
346003,833	0,000
346011,834	0,000
346019,834	0,000
346027,834	0,000
346035,834	0,000
346043,834	0,000
346051,834	0,000
346059,835	0,000
346067,835	0,000
346075,835	0,000
346083,835	0,000
346091,835	0,000
346099,835	0,000
346107,836	0,000
346115,836	0,000
346123,836	0,000
346131,836	0,000
346139,836	0,000
346147,836	0,000
346155,837	0,000
346163,837	0,000
346171,837	0,000
346179,837	0,000
346187,837	0,000
346195,837	0,000
346203,838	0,000
346211,838	0,000
346219,838	0,000
346227,838	0,000
346235,838	0,000
346243,838	0,000
346251,839	0,000
346259,839	0,000
346267,839	0,000
346275,839	0,000
346283,839	0,000
346291,839	0,000
346299,840	0,000
346307,840	0,000
346315,840	0,000
346323,840	0,000
346331,840	0,000
346339,840	0,000
346347,841	0,000
346355,841	0,000
346363,841	0,000
346371,841	0,000
346379,841	0,000
346387,841	0,000
346395,842	0,000
346403,842	0,000
346411,842	0,000
346419,842	0,000
346427,842	0,000
346435,842	0,000
346443,843	0,000
346451,843	0,000
346459,843	0,000
346467,843	0,000
346475,843	0,000
346483,843	0,000
346491,844	0,000
346499,844	0,000
346507,844	0,000
346515,844	0,000
346523,844	0,000
346531,844	0,000
346539,845	0,000
346547,845	0,000
346555,845	0,000
346563,845	0,000
346571,845	0,000
346579,845	0,000
346587,846	0,000
346595,846	0,000
346603,846	0,000
346611,846	0,000
346619,846	0,000
346627,846	0,000
346635,847	0,000
346643,847	0,000
346651,847	0,000
346659,847	0,000
346667,847	0,000
346675,847	0,000
346683,848	0,000
346691,848	0,000
346699,848	0,000
346707,848	0,000
346715,848	0,000
346723,848	0,000
346731,849	0,000
346739,849	0,000
346747,849	0,000
346755,849	0,000
346763,849	0,000
346771,849	0,000
346779,850	0,000
346787,850	0,000
346795,850	0,000
346803,850	0,000
346811,850	0,000
346819,850	0,000
346827,851	0,000
346835,851	0,000
346843,851	0,000
346851,851	0,000
346859,851	0,000
346867,851	0,000
346875,852	0,000
346883,852	0,000
346891,852	0,000
346899,852	0,000
346907,852	0,000
346915,852	0,000
346923,853	0,000
346931,853	0,000
346939,853	0,000
346947,853	0,000
346955,853	0,000
346963,853	0,000
346971,854	0,000
346979,854	0,000
346987,854	0,000
346995,854	0,000
347003,854	0,000
347011,854	0,000
347019,855	0,000
347027,855	0,000
347035,855	0,000
347043,855	0,000
347051,855	0,000
347059,855	0,000
347067,856	0,000
347075,856	0,000
347083,856	0,000
347091,856	0,000
347099,856	0,000
347107,856	0,000
347115,857	0,000
347123,857	0,000
347131,857	0,000
347139,857	0,000
347147,857	0,000
347155,857	0,000
347163,858	0,000
347171,858	0,000
347179,858	0,000
347187,858	0,000
347195,858	0,000
347203,858	0,000
347211,859	0,000
347219,859	0,000
347227,859	0,000
347235,859	0,000
347243,859	0,000
347251,859	0,000
347259,860	0,000
347267,860	0,000
347275,860	0,000
347283,860	0,000
347291,860	0,000
347299,860	0,000
347307,861	0,000
347315,861	0,000
347323,861	0,000
347331,861	0,000
347339,861	0,000
347347,861	0,000
347355,862	0,000
347363,862	0,000
347371,862	0,000
347379,862	0,000
347387,862	0,000
347395,862	0,000
347403,863	0,000
347411,863	0,000
347419,863	0,000
347427,863	0,000
347435,863	0,000
347443,863	0,000
347451,864	0,000
347459,864	0,000
347467,864	0,000
347475,864	0,000
347483,864	0,000
347491,864	0,000
347499,865	0,000
347507,865	0,000
347515,865	0,000
347523,865	0,000
347531,865	0,000
347539,865	0,000
347547,866	0,000
347555,866	0,000
347563,866	0,000
347571,866	0,000
347579,866	0,000
347587,866	0,000
347595,867	0,000
347603,867	0,000
347611,867	0,000
347619,867	0,000
347627,867	0,000
347635,867	0,000
347643,868	0,000
347651,868	0,000
347659,868	0,000
347667,868	0,000
347675,868	0,000
347683,868	0,000
347691,869	0,000
347699,869	0,000
347707,869	0,000
347715,869	0,000
347723,869	0,000
347731,869	0,000
347739,870	0,000
347747,870	0,000
347755,870	0,000
347763,870	0,000
347771,870	0,000
347779,870	0,000
347787,871	0,000
347795,871	0,000
347803,871	0,000
347811,871	0,000
347819,871	0,000
347827,871	0,000
347835,872	0,000
347843,872	0,000
347851,872	0,000
347859,872	0,000
347867,872	0,000
347875,872	0,000
347883,873	0,000
347891,873	0,000
347899,873	0,000
347907,873	0,000
347915,873	0,000
347923,873	0,000
347931,874	0,000
347939,874	0,000
347947,874	0,000
347955,874	0,000
347963,874	0,000
347971,874	0,000
347979,875	0,000
347987,875	0,000
347995,875	0,000
348003,875	0,000
348011,875	0,000
348019,875	0,000
348027,876	0,000
348035,876	0,000
348043,876	0,000
348051,876	0,000
348059,876	0,000
348067,876	0,000
348075,877	0,000
348083,877	0,000
348091,877	0,000
348099,877	0,000
348107,877	0,000
348115,877	0,000
348123,878	0,000
348131,878	0,000
348139,878	0,000
348147,878	0,000
348155,878	0,000
348163,878	0,000
348171,879	0,000
348179,879	0,000
348187,879	0,000
348195,879	0,000
348203,879	0,000
348211,879	0,000
348219,880	0,000
348227,880	0,000
348235,880	0,000
348243,880	0,000
348251,880	0,000
348259,880	0,000
348267,881	0,000
348275,881	0,000
348283,881	0,000
348291,881	0,000
348299,881	0,000
348307,881	0,000
348315,882	0,000
348323,882	0,000
348331,882	0,000
348339,882	0,000
348347,882	0,000
348355,882	0,000
348363,883	0,000
348371,883	0,000
348379,883	0,000
348387,883	0,000
348395,883	0,000
348403,883	0,000
348411,884	0,000
348419,884	0,000
348427,884	0,000
348435,884	0,000
348443,884	0,000
348451,884	0,000
348459,885	0,000
348467,885	0,000
348475,885	0,000
348483,885	0,000
348491,885	0,000
348499,885	0,000
348507,886	0,000
348515,886	0,000
348523,886	0,000
348531,886	0,000
348539,886	0,000
348547,886	0,000
348555,887	0,000
348563,887	0,000
348571,887	0,000
348579,887	0,000
348587,887	0,000
348595,887	0,000
348603,888	0,000
348611,888	0,000
348619,888	0,000
348627,888	0,000
348635,888	0,000
348643,888	0,000
348651,889	0,000
348659,889	0,000
348667,889	0,000
348675,889	0,000
348683,889	0,000
348691,889	0,000
348699,890	0,000
348707,890	0,000
348715,890	0,000
348723,890	0,000
348731,890	0,000
348739,890	0,000
348747,891	0,000
348755,891	0,000
348763,891	0,000
348771,891	0,000
348779,891	0,000
348787,891	0,000
348795,892	0,000
348803,892	0,000
348811,892	0,000
348819,892	0,000
348827,892	0,000
348835,892	0,000
348843,893	0,000
348851,893	0,000
348859,893	0,000
348867,893	0,000
348875,893	0,000
348883,893	0,000
348891,894	0,000
348899,894	0,000
348907,894	0,000
348915,894	0,000
348923,894	0,000
348931,894	0,000
348939,895	0,000
348947,895	0,000
348955,895	0,000
348963,895	0,000
348971,895	0,000
348979,895	0,000
348987,896	0,000
348995,896	0,000
349003,896	0,000
349011,896	0,000
349019,896	0,000
349027,896	0,000
349035,897	0,000
349043,897	0,000
349051,897	0,000
349059,897	0,000
349067,897	0,000
349075,897	0,000
349083,898	0,000
349091,898	0,000
349099,898	0,000
349107,898	0,000
349115,898	0,000
349123,898	0,000
349131,899	0,000
349139,899	0,000
349147,899	0,000
349155,899	0,000
349163,899	0,000
349171,899	0,000
349179,900	0,000
349187,900	0,000
349195,900	0,000
349203,900	0,000
349211,900	0,000
349219,900	0,000
349227,901	0,000
349235,901	0,000
349243,901	0,000
349251,901	0,000
349259,901	0,000
349267,901	0,000
349275,902	0,000
349283,902	0,000
349291,902	0,000
349299,902	0,000
349307,902	0,000
349315,902	0,000
349323,903	0,000
349331,903	0,000
349339,903	0,000
349347,903	0,000
349355,903	0,000
349363,903	0,000
349371,904	0,000
349379,904	0,000
349387,904	0,000
349395,904	0,000
349403,904	0,000
349411,904	0,000
349419,905	0,000
349427,905	0,000
349435,905	0,000
349443,905	0,000
349451,905	0,000
349459,905	0,000
349467,906	0,000
349475,906	0,000
349483,906	0,000
349491,906	0,000
349499,906	0,000
349507,906	0,000
349515,907	0,000
349523,907	0,000
349531,907	0,000
349539,907	0,000
349547,907	0,000
349555,907	0,000
349563,908	0,000
349571,908	0,000
349579,908	0,000
349587,908	0,000
349595,908	0,000
349603,908	0,000
349611,909	0,000
349619,909	0,000
349627,909	0,000
349635,909	0,000
349643,909	0,000
349651,909	0,000
349659,910	0,000
349667,910	0,000
349675,910	0,000
349683,910	0,000
349691,910	0,000
349699,910	0,000
349707,911	0,000
349715,911	0,000
349723,911	0,000
349731,911	0,000
349739,911	0,000
349747,911	0,000
349755,912	0,000
349763,912	0,000
349771,912	0,000
349779,912	0,000
349787,912	0,000
349795,912	0,000
349803,913	0,000
349811,913	0,000
349819,913	0,000
349827,913	0,000
349835,913	0,000
349843,913	0,000
349851,914	0,000
349859,914	0,000
349867,914	0,000
349875,914	0,000
349883,914	0,000
349891,914	0,000
349899,915	0,000
349907,915	0,000
349915,915	0,000
349923,915	0,000
349931,915	0,000
349939,915	0,000
349947,916	0,000
349955,916	0,000
349963,916	0,000
349971,916	0,000
349979,916	0,000
349987,916	0,000
349995,917	0,000
350003,917	0,000
350011,917	0,000
350019,917	0,000
350027,917	0,000
350035,917	0,000
350043,918	0,000
350051,918	0,000
350059,918	0,000
350067,918	0,000
350075,918	0,000
350083,918	0,000
350091,919	0,000
350099,919	0,000
350107,919	0,000
350115,919	0,000
350123,919	0,000
350131,919	0,000
350139,920	0,000
350147,920	0,000
350155,920	0,000
350163,920	0,000
350171,920	0,000
350179,920	0,000
350187,921	0,000
350195,921	0,000
350203,921	0,000
350211,921	0,000
350219,921	0,000
350227,921	0,000
350235,922	0,000
350243,922	0,000
350251,922	0,000
350259,922	0,000
350267,922	0,000
350275,922	0,000
350283,923	0,000
350291,923	0,000
350299,923	0,000
350307,923	0,000
350315,923	0,000
350323,923	0,000
350331,924	0,000
350339,924	0,000
350347,924	0,000
350355,924	0,000
350363,924	0,000
350371,924	0,000
350379,925	0,000
350387,925	0,000
350395,925	0,000
350403,925	0,000
350411,925	0,000
350419,925	0,000
350427,926	0,000
350435,926	0,000
350443,926	0,000
350451,926	0,000
350459,926	0,000
350467,926	0,000
350475,927	0,000
350483,927	0,000
350491,927	0,000
350499,927	0,000
350507,927	0,000
350515,927	0,000
350523,928	0,000
350531,928	0,000
350539,928	0,000
350547,928	0,000
350555,928	0,000
350563,928	0,000
350571,929	0,000
350579,929	0,000
350587,929	0,000
350595,929	0,000
350603,929	0,000
350611,929	0,000
350619,930	0,000
350627,930	0,000
350635,930	0,000
350643,930	0,000
350651,930	0,000
350659,930	0,000
350667,931	0,000
350675,931	0,000
350683,931	0,000
350691,931	0,000
350699,931	0,000
350707,931	0,000
350715,932	0,000
350723,932	0,000
350731,932	0,000
350739,932	0,000
350747,932	0,000
350755,932	0,000
350763,933	0,000
350771,933	0,000
350779,933	0,000
350787,933	0,000
350795,933	0,000
350803,933	0,000
350811,934	0,000
350819,934	0,000
350827,934	0,000
350835,934	0,000
350843,934	0,000
350851,934	0,000
350859,935	0,000
350867,935	0,000
350875,935	0,000
350883,935	0,000
350891,935	0,000
350899,935	0,000
350907,936	0,000
350915,936	0,000
350923,936	0,000
350931,936	0,000
350939,936	0,000
350947,936	0,000
350955,937	0,000
350963,937	0,000
350971,937	0,000
350979,937	0,000
350987,937	0,000
350995,937	0,000
351003,938	0,000
351011,938	0,000
351019,938	0,000
351027,938	0,000
351035,938	0,000
351043,938	0,000
351051,939	0,000
351059,939	0,000
351067,939	0,000
351075,939	0,000
351083,939	0,000
351091,939	0,000
351099,940	0,000
351107,940	0,000
351115,940	0,000
351123,940	0,000
351131,940	0,000
351139,940	0,000
351147,941	0,000
351155,941	0,000
351163,941	0,000
351171,941	0,000
351179,941	0,000
351187,941	0,000
351195,942	0,000
351203,942	0,000
351211,942	0,000
351219,942	0,000
351227,942	0,000
351235,942	0,000
351243,943	0,000
351251,943	0,000
351259,943	0,000
351267,943	0,000
351275,943	0,000
351283,943	0,000
351291,944	0,000
351299,944	0,000
351307,944	0,000
351315,944	0,000
351323,944	0,000
351331,944	0,000
351339,945	0,000
351347,945	0,000
351355,945	0,000
351363,945	0,000
351371,945	0,000
351379,945	0,000
351387,946	0,000
351395,946	0,000
351403,946	0,000
351411,946	0,000
351419,946	0,000
351427,946	0,000
351435,947	0,000
351443,947	0,000
351451,947	0,000
351459,947	0,000
351467,947	0,000
351475,947	0,000
351483,948	0,000
351491,948	0,000
351499,948	0,000
351507,948	0,000
351515,948	0,000
351523,948	0,000
351531,949	0,000
351539,949	0,000
351547,949	0,000
351555,949	0,000
351563,949	0,000
351571,949	0,000
351579,950	0,000
351587,950	0,000
351595,950	0,000
351603,950	0,000
351611,950	0,000
351619,950	0,000
351627,951	0,000
351635,951	0,000
351643,951	0,000
351651,951	0,000
351659,951	0,000
351667,951	0,000
351675,952	0,000
351683,952	0,000
351691,952	0,000
351699,952	0,000
351707,952	0,000
351715,952	0,000
351723,953	0,000
351731,953	0,000
351739,953	0,000
351747,953	0,000
351755,953	0,000
351763,953	0,000
351771,954	0,000
351779,954	0,000
351787,954	0,000
351795,954	0,000
351803,954	0,000
351811,954	0,000
351819,955	0,000
351827,955	0,000
351835,955	0,000
351843,955	0,000
351851,955	0,000
351859,955	0,000
351867,956	0,000
351875,956	0,000
351883,956	0,000
351891,956	0,000
351899,956	0,000
351907,956	0,000
351915,957	0,000
351923,957	0,000
351931,957	0,000
351939,957	0,000
351947,957	0,000
351955,957	0,000
351963,958	0,000
351971,958	0,000
351979,958	0,000
351987,958	0,000
351995,958	0,000
352003,958	0,000
352011,959	0,000
352019,959	0,000
352027,959	0,000
352035,959	0,000
352043,959	0,000
352051,959	0,000
352059,960	0,000
352067,960	0,000
352075,960	0,000
352083,960	0,000
352091,960	0,000
352099,960	0,000
352107,961	0,000
352115,961	0,000
352123,961	0,000
352131,961	0,000
352139,961	0,000
352147,961	0,000
352155,962	0,000
352163,962	0,000
352171,962	0,000
352179,962	0,000
352187,962	0,000
352195,962	0,000
352203,963	0,000
352211,963	0,000
352219,963	0,000
352227,963	0,000
352235,963	0,000
352243,963	0,000
352251,964	0,000
352259,964	0,000
352267,964	0,000
352275,964	0,000
352283,964	0,000
352291,964	0,000
352299,965	0,000
352307,965	0,000
352315,965	0,000
352323,965	0,000
352331,965	0,000
352339,965	0,000
352347,966	0,000
352355,966	0,000
352363,966	0,000
352371,966	0,000
352379,966	0,000
352387,966	0,000
352395,967	0,000
352403,967	0,000
352411,967	0,000
352419,967	0,000
352427,967	0,000
352435,967	0,000
352443,968	0,000
352451,968	0,000
352459,968	0,000
352467,968	0,000
352475,968	0,000
352483,968	0,000
352491,969	0,000
352499,969	0,000
352507,969	0,000
352515,969	0,000
352523,969	0,000
352531,969	0,000
352539,970	0,000
352547,970	0,000
352555,970	0,000
352563,970	0,000
352571,970	0,000
352579,970	0,000
352587,971	0,000
352595,971	0,000
352603,971	0,000
352611,971	0,000
352619,971	0,000
352627,971	0,000
352635,972	0,000
352643,972	0,000
352651,972	0,000
352659,972	0,000
352667,972	0,000
352675,972	0,000
352683,973	0,000
352691,973	0,000
352699,973	0,000
352707,973	0,000
352715,973	0,000
352723,973	0,000
352731,974	0,000
352739,974	0,000
352747,974	0,000
352755,974	0,000
352763,974	0,000
352771,974	0,000
352779,975	0,000
352787,975	0,000
352795,975	0,000
352803,975	0,000
352811,975	0,000
352819,975	0,000
352827,976	0,000
352835,976	0,000
352843,976	0,000
352851,976	0,000
352859,976	0,000
352867,976	0,000
352875,977	0,000
352883,977	0,000
352891,977	0,000
352899,977	0,000
352907,977	0,000
352915,977	0,000
352923,978	0,000
352931,978	0,000
352939,978	0,000
352947,978	0,000
352955,978	0,000
352963,978	0,000
352971,979	0,000
352979,979	0,000
352987,979	0,000
352995,979	0,000
353003,979	0,000
353011,979	0,000
353019,980	0,000
353027,980	0,000
353035,980	0,000
353043,980	0,000
353051,980	0,000
353059,980	0,000
353067,981	0,000
353075,981	0,000
353083,981	0,000
353091,981	0,000
353099,981	0,000
353107,981	0,000
353115,982	0,000
353123,982	0,000
353131,982	0,000
353139,982	0,000
353147,982	0,000
353155,982	0,000
353163,983	0,000
353171,983	0,000
353179,983	0,000
353187,983	0,000
353195,983	0,000
353203,983	0,000
353211,984	0,000
353219,984	0,000
353227,984	0,000
353235,984	0,000
353243,984	0,000
353251,984	0,000
353259,985	0,000
353267,985	0,000
353275,985	0,000
353283,985	0,000
353291,985	0,000
353299,985	0,000
353307,986	0,000
353315,986	0,000
353323,986	0,000
353331,986	0,000
353339,986	0,000
353347,986	0,000
353355,987	0,000
353363,987	0,000
353371,987	0,000
353379,987	0,000
353387,987	0,000
353395,987	0,000
353403,988	0,000
353411,988	0,000
353419,988	0,000
353427,988	0,000
353435,988	0,000
353443,988	0,000
353451,989	0,000
353459,989	0,000
353467,989	0,000
353475,989	0,000
353483,989	0,000
353491,989	0,000
353499,990	0,000
353507,990	0,000
353515,990	0,000
353523,990	0,000
353531,990	0,000
353539,990	0,000
353547,991	0,000
353555,991	0,000
353563,991	0,000
353571,991	0,000
353579,991	0,000
353587,991	0,000
353595,992	0,000
353603,992	0,000
353611,992	0,000
353619,992	0,000
353627,992	0,000
353635,992	0,000
353643,993	0,000
353651,993	0,000
353659,993	0,000
353667,993	0,000
353675,993	0,000
353683,993	0,000
353691,994	0,000
353699,994	0,000
353707,994	0,000
353715,994	0,000
353723,994	0,000
353731,994	0,000
353739,995	0,000
353747,995	0,000
353755,995	0,000
353763,995	0,000
353771,995	0,000
353779,995	0,000
353787,996	0,000
353795,996	0,000
353803,996	0,000
353811,996	0,000
353819,996	0,000
353827,996	0,000
353835,997	0,000
353843,997	0,000
353851,997	0,000
353859,997	0,000
353867,997	0,000
353875,997	0,000
353883,998	0,000
353891,998	0,000
353899,998	0,000
353907,998	0,000
353915,998	0,000
353923,998	0,000
353931,999	0,000
353939,999	0,000
353947,999	0,000
353955,999	0,000
353963,999	0,000
353971,999	0,000
353980,000	0,000
353988,000	0,000
353996,000	0,000
